image_id,NOSE_x,NOSE_y,NOSE_z,NOSE_vis,LEFT_EYE_INNER_x,LEFT_EYE_INNER_y,LEFT_EYE_INNER_z,LEFT_EYE_INNER_vis,LEFT_EYE_x,LEFT_EYE_y,LEFT_EYE_z,LEFT_EYE_vis,LEFT_EYE_OUTER_x,LEFT_EYE_OUTER_y,LEFT_EYE_OUTER_z,LEFT_EYE_OUTER_vis,RIGHT_EYE_INNER_x,RIGHT_EYE_INNER_y,RIGHT_EYE_INNER_z,RIGHT_EYE_INNER_vis,RIGHT_EYE_x,RIGHT_EYE_y,RIGHT_EYE_z,RIGHT_EYE_vis,RIGHT_EYE_OUTER_x,RIGHT_EYE_OUTER_y,RIGHT_EYE_OUTER_z,RIGHT_EYE_OUTER_vis,LEFT_EAR_x,LEFT_EAR_y,LEFT_EAR_z,LEFT_EAR_vis,RIGHT_EAR_x,RIGHT_EAR_y,RIGHT_EAR_z,RIGHT_EAR_vis,MOUTH_LEFT_x,MOUTH_LEFT_y,MOUTH_LEFT_z,MOUTH_LEFT_vis,MOUTH_RIGHT_x,MOUTH_RIGHT_y,MOUTH_RIGHT_z,MOUTH_RIGHT_vis,LEFT_SHOULDER_x,LEFT_SHOULDER_y,LEFT_SHOULDER_z,LEFT_SHOULDER_vis,RIGHT_SHOULDER_x,RIGHT_SHOULDER_y,RIGHT_SHOULDER_z,RIGHT_SHOULDER_vis,LEFT_ELBOW_x,LEFT_ELBOW_y,LEFT_ELBOW_z,LEFT_ELBOW_vis,RIGHT_ELBOW_x,RIGHT_ELBOW_y,RIGHT_ELBOW_z,RIGHT_ELBOW_vis,LEFT_WRIST_x,LEFT_WRIST_y,LEFT_WRIST_z,LEFT_WRIST_vis,RIGHT_WRIST_x,RIGHT_WRIST_y,RIGHT_WRIST_z,RIGHT_WRIST_vis,LEFT_PINKY_x,LEFT_PINKY_y,LEFT_PINKY_z,LEFT_PINKY_vis,RIGHT_PINKY_x,RIGHT_PINKY_y,RIGHT_PINKY_z,RIGHT_PINKY_vis,LEFT_INDEX_x,LEFT_INDEX_y,LEFT_INDEX_z,LEFT_INDEX_vis,RIGHT_INDEX_x,RIGHT_INDEX_y,RIGHT_INDEX_z,RIGHT_INDEX_vis,LEFT_THUMB_x,LEFT_THUMB_y,LEFT_THUMB_z,LEFT_THUMB_vis,RIGHT_THUMB_x,RIGHT_THUMB_y,RIGHT_THUMB_z,RIGHT_THUMB_vis,LEFT_HIP_x,LEFT_HIP_y,LEFT_HIP_z,LEFT_HIP_vis,RIGHT_HIP_x,RIGHT_HIP_y,RIGHT_HIP_z,RIGHT_HIP_vis,LEFT_KNEE_x,LEFT_KNEE_y,LEFT_KNEE_z,LEFT_KNEE_vis,RIGHT_KNEE_x,RIGHT_KNEE_y,RIGHT_KNEE_z,RIGHT_KNEE_vis,LEFT_ANKLE_x,LEFT_ANKLE_y,LEFT_ANKLE_z,LEFT_ANKLE_vis,RIGHT_ANKLE_x,RIGHT_ANKLE_y,RIGHT_ANKLE_z,RIGHT_ANKLE_vis,LEFT_HEEL_x,LEFT_HEEL_y,LEFT_HEEL_z,LEFT_HEEL_vis,RIGHT_HEEL_x,RIGHT_HEEL_y,RIGHT_HEEL_z,RIGHT_HEEL_vis,LEFT_FOOT_INDEX_x,LEFT_FOOT_INDEX_y,LEFT_FOOT_INDEX_z,LEFT_FOOT_INDEX_vis,RIGHT_FOOT_INDEX_x,RIGHT_FOOT_INDEX_y,RIGHT_FOOT_INDEX_z,RIGHT_FOOT_INDEX_vis
virabhadrasana_tf_0001,0.601639,0.504774,-0.466623,0.9961,0.608963,0.497566,-0.480855,0.9932,0.610594,0.495464,-0.479369,0.9914,0.614497,0.491324,-0.478636,0.9929,0.598663,0.4945,-0.489319,0.9963,0.594625,0.492599,-0.490141,0.9932,0.59064,0.490741,-0.489176,0.9952,0.609513,0.47591,-0.439162,0.9804,0.575445,0.47868,-0.479753,0.9906,0.598512,0.500518,-0.43852,0.9901,0.59101,0.499155,-0.450431,0.9879,0.620789,0.460733,-0.32656,0.9985,0.521755,0.459834,-0.366168,0.9978,0.667712,0.344986,-0.193952,0.2236,0.480693,0.402833,-0.273133,0.7382,0.609093,0.40711,-0.012907,0.0385,0.48999,0.33025,-0.18176,0.6275,0.607751,0.419244,-0.000576,0.033,0.494272,0.308288,-0.153277,0.5416,0.589686,0.418674,0.007106,0.0352,0.495162,0.303799,-0.177772,0.5783,0.587338,0.415377,-0.006603,0.0454,0.495957,0.313748,-0.187886,0.5827,0.463636,0.46178,0.012236,0.9998,0.415053,0.438953,-0.010351,0.9999,0.453008,0.570917,0.068932,0.7081,0.378459,0.378913,0.216424,0.7827,0.425272,0.712563,0.223032,0.8886,0.370644,0.343824,0.509167,0.6705,0.408596,0.725546,0.236912,0.7359,0.371943,0.345625,0.542747,0.3955,0.449786,0.774071,0.2153,0.8724,0.359732,0.342576,0.545648,0.6535
virabhadrasana_tf_0005,0.60564,0.521438,-0.654462,0.9999,0.605271,0.509791,-0.669093,0.9999,0.604408,0.507683,-0.668761,0.9999,0.605728,0.501076,-0.667793,0.9999,0.59596,0.519512,-0.675357,1.0,0.592559,0.519695,-0.676287,0.9999,0.589378,0.519829,-0.675609,0.9999,0.573034,0.473387,-0.587119,0.9999,0.574366,0.511579,-0.619569,1.0,0.608309,0.505317,-0.605716,1.0,0.596993,0.523158,-0.619939,1.0,0.539833,0.395168,-0.415689,1.0,0.532584,0.54062,-0.485646,0.9999,0.501719,0.29193,-0.378683,0.9995,0.5188,0.550294,-0.343857,0.8049,0.440655,0.251581,-0.395974,0.9972,0.569576,0.516977,-0.210469,0.6478,0.444307,0.204434,-0.39782,0.9943,0.587537,0.529875,-0.178429,0.7108,0.43671,0.212074,-0.386894,0.9927,0.585113,0.511537,-0.201263,0.6528,0.441294,0.218736,-0.388655,0.9804,0.580446,0.501622,-0.211188,0.6124,0.459614,0.443077,0.043848,1.0,0.454846,0.506749,-0.04178,1.0,0.432046,0.422367,0.359475,0.364,0.447478,0.603319,0.099382,0.91,0.407714,0.403216,0.732379,0.8234,0.43979,0.673932,0.35428,0.9172,0.402125,0.402486,0.775888,0.8477,0.434682,0.686909,0.394165,0.832,0.411557,0.398286,0.774887,0.3206,0.461301,0.700236,0.401717,0.5207
virabhadrasana_tf_0006,0.589563,0.502391,-0.573642,0.9999,0.577726,0.498008,-0.587959,1.0,0.576302,0.492689,-0.587083,1.0,0.574634,0.48735,-0.586495,1.0,0.579926,0.513805,-0.592922,1.0,0.579823,0.518803,-0.593703,1.0,0.579495,0.52383,-0.592408,1.0,0.560083,0.470482,-0.520011,0.9999,0.566666,0.525216,-0.549404,1.0,0.585061,0.485605,-0.53632,1.0,0.588111,0.502819,-0.550293,1.0,0.530028,0.413499,-0.324339,0.9999,0.539055,0.52412,-0.399695,1.0,0.504169,0.317979,-0.263662,0.9926,0.54377,0.484691,-0.178786,0.224,0.447557,0.268154,-0.232987,0.9877,0.566831,0.425221,-0.002079,0.1915,0.451346,0.256951,-0.219277,0.9776,0.580333,0.428936,0.047158,0.2705,0.457559,0.259748,-0.213398,0.9727,0.573178,0.413711,0.026406,0.2568,0.453998,0.268037,-0.228167,0.9507,0.569364,0.409912,0.002131,0.2664,0.45362,0.447216,0.054824,1.0,0.451055,0.508812,-0.052902,1.0,0.456351,0.398882,0.232523,0.3698,0.479578,0.647464,-0.120683,0.9662,0.497907,0.401155,0.523698,0.3118,0.460402,0.731886,0.007894,0.7774,0.502811,0.412211,0.54818,0.212,0.448652,0.740791,0.025604,0.5253,0.513184,0.38838,0.554756,0.2279,0.488839,0.773851,0.008147,0.6328
virabhadrasana_tf_0007,0.556509,0.502408,-0.604567,0.9934,0.55343,0.500213,-0.615489,0.9886,0.554737,0.496846,-0.614191,0.9847,0.555976,0.49352,-0.612796,0.9838,0.560416,0.5121,-0.623619,0.9932,0.555109,0.511865,-0.623739,0.9896,0.552451,0.511182,-0.623095,0.9919,0.560495,0.481066,-0.547239,0.9766,0.549932,0.504681,-0.581548,0.9962,0.560185,0.490955,-0.565535,0.9956,0.558494,0.502662,-0.577832,0.9968,0.589542,0.429578,-0.410602,0.999,0.550387,0.492995,-0.425193,0.9997,0.584191,0.331997,-0.393388,0.9931,0.555613,0.463526,-0.321936,0.9878,0.523008,0.288525,-0.321824,0.9222,0.571493,0.452203,-0.263501,0.9625,0.505518,0.277195,-0.316942,0.8044,0.574215,0.453575,-0.230863,0.9049,0.499526,0.283884,-0.292479,0.8036,0.57673,0.445382,-0.251635,0.9071,0.507002,0.288211,-0.312554,0.698,0.577071,0.441501,-0.266087,0.8848,0.501957,0.487589,0.015881,0.9999,0.470615,0.487024,-0.012767,0.9999,0.514421,0.631718,0.059957,0.9762,0.42637,0.480562,-0.003857,0.9527,0.502267,0.791233,0.147276,0.9841,0.421569,0.502874,0.38679,0.4674,0.492202,0.807893,0.154262,0.9476,0.427838,0.499943,0.427249,0.3342,0.506461,0.838571,0.12112,0.9843,0.403504,0.530566,0.448069,0.5562
virabhadrasana_tf_0013,0.527588,0.449969,-0.529627,0.7459,0.522759,0.462253,-0.53833,0.9483,0.519087,0.463301,-0.537084,0.9616,0.515446,0.464301,-0.537415,0.9726,0.534831,0.461579,-0.542088,0.9264,0.538695,0.46205,-0.543145,0.917,0.542404,0.46248,-0.541233,0.9272,0.511341,0.475543,-0.457659,0.9907,0.551481,0.472612,-0.471347,0.9573,0.522307,0.448655,-0.492185,0.9767,0.533208,0.448002,-0.497986,0.9593,0.477938,0.473095,-0.372751,0.9996,0.586001,0.462208,-0.31119,0.9931,0.437443,0.403767,-0.415647,0.9439,0.608219,0.421458,-0.155011,0.8107,0.425821,0.335148,-0.44893,0.9467,0.611845,0.404825,-0.073605,0.507,0.411918,0.318676,-0.500452,0.8444,0.616328,0.400661,-0.063068,0.5897,0.428492,0.318534,-0.525135,0.8108,0.615501,0.404154,-0.075042,0.631,0.436781,0.324696,-0.464345,0.8713,0.609854,0.406369,-0.078201,0.6558,0.500431,0.456114,-0.012519,0.9999,0.562072,0.441691,0.014769,1.0,0.473974,0.440921,-0.001078,0.6889,0.630868,0.373933,-0.062508,0.9672,0.516561,0.41073,0.235922,0.2241,0.561452,0.376106,0.188337,0.6089,0.523051,0.413435,0.262011,0.4794,0.548186,0.387166,0.218677,0.6082,0.524625,0.386888,0.320394,0.4272,0.546248,0.356202,0.240853,0.6051
virabhadrasana_tf_0015,0.542051,0.462577,-0.566809,0.9933,0.539131,0.470743,-0.60125,0.9986,0.537237,0.470967,-0.600222,0.9989,0.535351,0.471173,-0.60064,0.999,0.545915,0.471507,-0.595535,0.9978,0.547667,0.470676,-0.596783,0.9978,0.549566,0.470085,-0.596315,0.9974,0.528598,0.480226,-0.572548,0.9998,0.545302,0.48442,-0.553206,0.999,0.538795,0.461536,-0.540813,0.998,0.543678,0.462501,-0.539001,0.9974,0.497547,0.472453,-0.441139,0.9999,0.555425,0.47565,-0.437212,0.9988,0.429186,0.380315,-0.423647,0.9841,0.555588,0.403527,-0.313554,0.4035,0.455695,0.324892,-0.46523,0.9157,0.519133,0.40208,-0.277399,0.2948,0.463893,0.310816,-0.510302,0.8313,0.505613,0.406651,-0.289299,0.2502,0.47347,0.316159,-0.51708,0.7943,0.505431,0.410849,-0.282442,0.2467,0.471003,0.321964,-0.468928,0.6804,0.50961,0.408485,-0.275136,0.2124,0.505795,0.430455,-0.006364,0.9999,0.534836,0.431855,0.008252,0.9998,0.502141,0.387961,0.318221,0.0391,0.511967,0.395057,0.347352,0.0491,0.498568,0.353398,0.671698,0.137,0.501603,0.353845,0.715846,0.0728,0.495336,0.345664,0.707007,0.1894,0.496022,0.347835,0.758486,0.0724,0.510295,0.348257,0.683062,0.0558,0.504449,0.340213,0.760381,0.0237
virabhadrasana_tf_0016,0.550965,0.505462,-0.457305,0.9996,0.553096,0.50614,-0.49696,0.9997,0.555834,0.505233,-0.496513,0.9997,0.558572,0.504304,-0.496601,0.9997,0.5435,0.508638,-0.489136,0.9995,0.539079,0.509466,-0.490145,0.9994,0.534646,0.51028,-0.489878,0.9992,0.555914,0.499808,-0.528935,0.9998,0.521798,0.507494,-0.505635,0.9995,0.553169,0.499591,-0.456061,0.9997,0.541555,0.502099,-0.450562,0.9995,0.556288,0.469017,-0.437526,1.0,0.493336,0.483685,-0.428223,0.9999,0.518178,0.365383,-0.453392,0.9339,0.478106,0.408231,-0.380793,0.4132,0.497443,0.333079,-0.524015,0.9195,0.46338,0.368232,-0.424685,0.3382,0.496973,0.32594,-0.574215,0.88,0.470971,0.358125,-0.456025,0.3425,0.495916,0.338114,-0.587953,0.8752,0.471129,0.3616,-0.461197,0.324,0.49379,0.339489,-0.535478,0.8131,0.478673,0.362101,-0.433666,0.2788,0.527659,0.423186,-0.009502,0.9999,0.498564,0.423753,0.011417,0.9999,0.533483,0.424486,0.318099,0.0113,0.483429,0.412221,0.315723,0.0523,0.541332,0.420427,0.631058,0.1866,0.480791,0.365356,0.64134,0.2453,0.544775,0.41407,0.661806,0.2459,0.479348,0.356863,0.674872,0.2117,0.537285,0.440285,0.661284,0.0516,0.485282,0.361445,0.671063,0.0467
virabhadrasana_tf_0017,0.546815,0.481867,-0.561033,0.9925,0.543511,0.488483,-0.591459,0.9983,0.54218,0.488484,-0.590298,0.9986,0.540848,0.488459,-0.590646,0.9989,0.54626,0.489994,-0.584067,0.9975,0.546249,0.490958,-0.58486,0.9971,0.546271,0.491896,-0.58422,0.9967,0.532911,0.494137,-0.569922,0.9995,0.541308,0.498642,-0.541308,0.9985,0.542725,0.479494,-0.539665,0.9974,0.544212,0.480428,-0.534209,0.9964,0.50855,0.480674,-0.437269,0.9999,0.540026,0.486562,-0.449289,0.9976,0.468086,0.373203,-0.436319,0.9755,0.554276,0.404918,-0.369711,0.5847,0.488908,0.339208,-0.483133,0.8991,0.524832,0.400482,-0.355317,0.3356,0.495701,0.33122,-0.53705,0.8106,0.513099,0.402609,-0.374486,0.2619,0.503392,0.339149,-0.532522,0.768,0.510603,0.409032,-0.365992,0.2486,0.49994,0.341519,-0.486302,0.6543,0.515946,0.407023,-0.355344,0.225,0.508531,0.443059,-0.007475,0.9999,0.528487,0.445319,0.009097,0.9998,0.514517,0.393526,0.321534,0.1355,0.519426,0.405165,0.368394,0.0848,0.525277,0.354258,0.648038,0.3196,0.512527,0.358791,0.703943,0.1378,0.527377,0.343428,0.682624,0.3203,0.508918,0.349701,0.742552,0.0807,0.531775,0.354554,0.707747,0.1027,0.50828,0.351209,0.778501,0.0326
virabhadrasana_tf_0018,0.546723,0.460188,-0.59138,0.9967,0.540808,0.469892,-0.619848,0.9988,0.539071,0.470507,-0.619109,0.999,0.534092,0.471668,-0.619446,0.9989,0.550209,0.474368,-0.608253,0.9981,0.552167,0.474994,-0.609482,0.998,0.554423,0.475723,-0.609006,0.9978,0.523873,0.486577,-0.60189,0.9995,0.554243,0.492009,-0.554556,0.9994,0.540208,0.461362,-0.573054,0.9992,0.549297,0.461337,-0.561342,0.9992,0.474698,0.479207,-0.467293,0.9999,0.590618,0.484115,-0.453564,0.9999,0.400627,0.37122,-0.497844,0.9612,0.618776,0.400753,-0.423277,0.7106,0.479154,0.322618,-0.581631,0.8223,0.55404,0.376618,-0.498951,0.4602,0.493948,0.321191,-0.632656,0.6671,0.534948,0.374101,-0.528658,0.3525,0.498662,0.335495,-0.631305,0.6255,0.522815,0.382148,-0.519898,0.3401,0.495238,0.337254,-0.585749,0.4383,0.527586,0.382993,-0.501397,0.2784,0.489061,0.43625,-0.019836,0.9999,0.536662,0.439594,0.021336,0.9999,0.515374,0.396776,0.309418,0.0759,0.527583,0.41221,0.347683,0.0997,0.526878,0.38555,0.650952,0.2158,0.510069,0.378946,0.682948,0.1059,0.528178,0.382656,0.681499,0.1768,0.503116,0.374912,0.720665,0.11,0.536176,0.377384,0.647123,0.1182,0.512362,0.361171,0.711326,0.0759
virabhadrasana_tf_0019,0.539562,0.461591,-0.625175,0.9924,0.534591,0.47276,-0.647873,0.9981,0.532751,0.473791,-0.647117,0.9984,0.530295,0.477572,-0.647581,0.9987,0.544436,0.47921,-0.63956,0.9974,0.546613,0.480133,-0.640673,0.9972,0.553301,0.482739,-0.63988,0.9972,0.516718,0.489828,-0.611404,0.9996,0.55234,0.49661,-0.574717,0.999,0.532887,0.4637,-0.600868,0.9984,0.542065,0.463263,-0.592206,0.9984,0.466575,0.48149,-0.472491,0.9999,0.58395,0.495224,-0.463388,0.9995,0.392743,0.374198,-0.541815,0.9816,0.623136,0.407469,-0.46347,0.7775,0.482372,0.324083,-0.685991,0.9122,0.554095,0.371951,-0.578222,0.5425,0.492568,0.319329,-0.753682,0.8077,0.535782,0.366514,-0.619544,0.4187,0.502537,0.336506,-0.738942,0.7778,0.522044,0.376599,-0.61649,0.4026,0.501074,0.338604,-0.68689,0.6129,0.528864,0.380006,-0.584377,0.3111,0.493414,0.445035,-0.023734,0.9999,0.547499,0.453392,0.025638,0.9998,0.505636,0.385287,0.321997,0.1159,0.54091,0.401016,0.37835,0.1155,0.504682,0.362193,0.647039,0.1967,0.523713,0.361751,0.721538,0.0782,0.503577,0.35687,0.676315,0.1779,0.517483,0.35682,0.758921,0.083,0.514816,0.350469,0.641475,0.1493,0.521319,0.339604,0.748035,0.0764
virabhadrasana_tf_0020,0.540991,0.490607,-0.472302,0.9968,0.540878,0.48618,-0.51176,0.9983,0.542759,0.49472,-0.510924,0.9987,0.543507,0.49486,-0.511625,0.9986,0.541456,0.48534,-0.507345,0.9975,0.542285,0.485597,-0.508336,0.9977,0.535393,0.497996,-0.507767,0.997,0.539538,0.502154,-0.538317,0.9995,0.530448,0.506098,-0.528371,0.9992,0.540327,0.491238,-0.466994,0.9989,0.535439,0.492067,-0.466504,0.9986,0.523018,0.498132,-0.44654,1.0,0.525885,0.497851,-0.462073,0.9997,0.473756,0.394916,-0.445253,0.9753,0.523105,0.421753,-0.336514,0.2689,0.488133,0.325683,-0.505409,0.8729,0.519429,0.389707,-0.300717,0.2023,0.49777,0.32094,-0.553981,0.779,0.51424,0.384432,-0.317278,0.1996,0.505637,0.326438,-0.559818,0.756,0.516115,0.388807,-0.327044,0.2025,0.501358,0.330163,-0.512095,0.6523,0.519009,0.390749,-0.30713,0.1708,0.524202,0.45024,-0.007351,1.0,0.527785,0.449599,0.009502,1.0,0.521139,0.386847,0.316456,0.0398,0.513294,0.398792,0.355386,0.0393,0.514698,0.349258,0.634948,0.224,0.515822,0.349696,0.693177,0.1697,0.511253,0.340648,0.668562,0.3583,0.513307,0.340395,0.729422,0.1817,0.519227,0.34725,0.656944,0.0789,0.514306,0.336852,0.722825,0.0469
virabhadrasana_tf_0022,0.550107,0.490981,-0.546128,0.9996,0.54795,0.494027,-0.58218,0.9998,0.547879,0.493365,-0.581399,0.9998,0.547841,0.492673,-0.581727,0.9998,0.547339,0.49755,-0.57272,0.9997,0.546004,0.49921,-0.573697,0.9997,0.544641,0.500866,-0.572772,0.9997,0.541594,0.497884,-0.573015,0.9999,0.538203,0.508599,-0.540874,0.9998,0.545366,0.484946,-0.52787,0.9996,0.543671,0.492304,-0.519952,0.9997,0.532852,0.487075,-0.454346,0.9999,0.525198,0.497069,-0.427517,0.9996,0.490654,0.382153,-0.390426,0.9398,0.517831,0.403516,-0.301199,0.2021,0.502118,0.322182,-0.396019,0.6614,0.500576,0.384211,-0.315566,0.1436,0.511543,0.316872,-0.428068,0.6204,0.487705,0.380164,-0.332004,0.1631,0.518579,0.328399,-0.438121,0.5958,0.495015,0.38807,-0.34276,0.1657,0.515349,0.332131,-0.398825,0.4744,0.500723,0.390169,-0.323185,0.1306,0.532795,0.435094,-0.019455,0.9999,0.526244,0.440845,0.021023,0.9999,0.531447,0.383841,0.30826,0.0657,0.512968,0.388611,0.365636,0.0703,0.52446,0.353177,0.633465,0.3295,0.516818,0.353309,0.700943,0.3223,0.521876,0.342554,0.668227,0.4727,0.516047,0.344398,0.739213,0.3751,0.529809,0.365248,0.661169,0.0947,0.523222,0.352562,0.749633,0.0591
virabhadrasana_tf_0023,0.536508,0.497166,-0.504552,0.9998,0.534929,0.502764,-0.53355,0.9998,0.534495,0.502823,-0.53311,0.9998,0.534038,0.502814,-0.533538,0.9998,0.536192,0.504177,-0.53141,0.9996,0.535939,0.505003,-0.532681,0.9996,0.535645,0.505795,-0.531543,0.9995,0.530217,0.509183,-0.537782,0.9998,0.535474,0.51268,-0.535147,0.9995,0.534984,0.494884,-0.493871,0.9998,0.530119,0.494402,-0.494384,0.9997,0.523835,0.499221,-0.464249,1.0,0.549052,0.499359,-0.43688,0.9998,0.502169,0.388267,-0.518015,0.9794,0.560018,0.405629,-0.443143,0.6824,0.505451,0.331139,-0.617914,0.9138,0.536637,0.373021,-0.553284,0.5608,0.520126,0.322424,-0.672764,0.8399,0.53198,0.367445,-0.594206,0.4883,0.52275,0.335626,-0.67764,0.8549,0.530038,0.38022,-0.605357,0.4982,0.520968,0.339463,-0.623854,0.7964,0.529869,0.382932,-0.566697,0.4322,0.536987,0.443012,-0.015292,1.0,0.539806,0.442907,0.017447,1.0,0.536676,0.387747,0.283226,0.1148,0.519201,0.38834,0.344479,0.1616,0.531491,0.392554,0.590823,0.2993,0.523714,0.356738,0.665004,0.3954,0.530601,0.395101,0.621421,0.4413,0.520579,0.357511,0.698436,0.3721,0.537664,0.379747,0.602408,0.2918,0.529365,0.35938,0.683322,0.3104
virabhadrasana_tf_0024,0.537147,0.458822,-0.673003,0.992,0.532446,0.467059,-0.694699,0.9983,0.526507,0.468099,-0.693554,0.9986,0.517126,0.463799,-0.693903,0.9988,0.542675,0.468649,-0.691097,0.9981,0.54493,0.469376,-0.692136,0.9979,0.550617,0.470186,-0.690736,0.9978,0.507329,0.482991,-0.623139,0.9996,0.557043,0.489708,-0.611046,0.9992,0.531238,0.464069,-0.630694,0.9957,0.542006,0.464145,-0.629779,0.9954,0.461299,0.477317,-0.463267,0.9995,0.602484,0.494236,-0.452041,0.9971,0.419707,0.379289,-0.384731,0.9541,0.613515,0.408918,-0.31885,0.4504,0.498528,0.330825,-0.386311,0.7558,0.560296,0.396167,-0.328732,0.3885,0.498415,0.315872,-0.417678,0.6335,0.54255,0.391506,-0.341795,0.3478,0.520933,0.3327,-0.416688,0.6343,0.536677,0.405216,-0.349695,0.3649,0.51974,0.339856,-0.385827,0.53,0.541559,0.408034,-0.332769,0.2916,0.50566,0.460693,-0.011877,0.9999,0.567642,0.465381,0.013257,0.9998,0.519172,0.380401,0.296102,0.2343,0.549212,0.388584,0.344341,0.2667,0.531189,0.351278,0.619277,0.5602,0.538376,0.353024,0.681819,0.5048,0.533755,0.354246,0.649943,0.5963,0.538195,0.355487,0.717574,0.4519,0.530451,0.327356,0.609256,0.4414,0.550112,0.325931,0.68896,0.3442
virabhadrasana_tf_0026,0.529193,0.484858,-0.517641,0.9923,0.530324,0.491488,-0.550132,0.9914,0.532295,0.493336,-0.549677,0.9907,0.534253,0.495158,-0.550314,0.9921,0.523794,0.486584,-0.554049,0.9831,0.521091,0.485291,-0.554685,0.9781,0.518372,0.483934,-0.553502,0.9678,0.536426,0.503555,-0.558985,0.9949,0.514497,0.486788,-0.573353,0.9812,0.534037,0.483339,-0.505914,0.9966,0.532154,0.480867,-0.512516,0.9902,0.543959,0.52266,-0.443253,1.0,0.513399,0.475303,-0.477853,0.9988,0.53721,0.424606,-0.537051,0.9918,0.495105,0.369482,-0.469267,0.8773,0.526782,0.329229,-0.636529,0.9661,0.505652,0.319352,-0.563015,0.9574,0.537203,0.323866,-0.692281,0.9096,0.507502,0.290793,-0.618729,0.9269,0.537192,0.331949,-0.700151,0.9218,0.515659,0.315178,-0.62521,0.9197,0.53573,0.335675,-0.647855,0.8944,0.514203,0.3048,-0.578488,0.8738,0.564283,0.490285,-0.003908,1.0,0.552136,0.475814,0.007031,0.9999,0.559317,0.478053,0.29248,0.2017,0.534781,0.443205,0.326453,0.2437,0.543133,0.48431,0.648576,0.5156,0.542689,0.432115,0.685737,0.6524,0.540854,0.487289,0.679076,0.4934,0.544501,0.435282,0.718565,0.4439,0.537831,0.476081,0.68246,0.4486,0.546717,0.410234,0.703914,0.4473
virabhadrasana_tf_0027,0.521111,0.509564,-0.561793,0.9997,0.526705,0.509329,-0.575583,0.9997,0.531333,0.512158,-0.574341,0.9995,0.535895,0.515037,-0.574431,0.9996,0.513618,0.500861,-0.574482,0.9996,0.508856,0.497611,-0.575553,0.9995,0.504021,0.494311,-0.573923,0.9993,0.544498,0.521739,-0.518545,0.9995,0.498652,0.490472,-0.512361,0.9997,0.532305,0.518159,-0.533693,0.9999,0.514716,0.507642,-0.5338,0.9998,0.577819,0.553882,-0.367219,1.0,0.478187,0.475566,-0.366544,1.0,0.56613,0.483557,-0.434887,0.97,0.420828,0.382762,-0.379608,0.9049,0.56539,0.386362,-0.452878,0.8291,0.516361,0.323131,-0.520114,0.8922,0.564606,0.375094,-0.47385,0.7352,0.526485,0.305847,-0.554276,0.8903,0.562595,0.369167,-0.481199,0.7127,0.534719,0.324362,-0.555477,0.8668,0.56066,0.37003,-0.458342,0.6912,0.539389,0.331257,-0.532995,0.8133,0.599758,0.513597,-0.0239,0.9996,0.545592,0.466994,0.026928,0.9999,0.64425,0.636804,0.01688,0.8795,0.537875,0.429223,0.050755,0.9387,0.575006,0.734072,-0.0884,0.9601,0.565215,0.438757,0.131935,0.6712,0.571466,0.740519,-0.110571,0.8825,0.572239,0.446612,0.130195,0.4935,0.528826,0.78263,-0.144068,0.9291,0.566549,0.429033,0.144983,0.549
virabhadrasana_tf_0029,0.522143,0.476905,-0.500291,0.9252,0.52505,0.492842,-0.535535,0.9407,0.52866,0.495652,-0.534783,0.9441,0.532231,0.498418,-0.535324,0.9488,0.516586,0.486902,-0.542717,0.9424,0.510698,0.483133,-0.543324,0.9434,0.506753,0.480744,-0.542795,0.9314,0.540911,0.506355,-0.532974,0.9735,0.503948,0.479842,-0.570182,0.9633,0.528079,0.483449,-0.483764,0.9752,0.523489,0.47833,-0.49766,0.9609,0.55996,0.519204,-0.410551,0.9996,0.506646,0.452548,-0.488291,0.9948,0.535457,0.416025,-0.434892,0.9601,0.493932,0.359615,-0.407073,0.4771,0.538659,0.353666,-0.496002,0.6668,0.518875,0.349592,-0.409077,0.2868,0.547454,0.354245,-0.5303,0.5164,0.520448,0.346442,-0.43497,0.2593,0.551379,0.360562,-0.531196,0.5042,0.54141,0.356768,-0.438502,0.2423,0.541325,0.354081,-0.501406,0.414,0.540388,0.357353,-0.416778,0.1899,0.573319,0.476827,0.012531,0.9999,0.558054,0.450987,-0.009592,0.9998,0.589914,0.421847,0.337678,0.1453,0.560103,0.402945,0.306264,0.1339,0.595863,0.394069,0.646966,0.4545,0.575791,0.387489,0.661073,0.3001,0.597406,0.388307,0.6819,0.5669,0.578646,0.385566,0.696256,0.2623,0.586848,0.387792,0.696953,0.1494,0.568138,0.379435,0.700701,0.067
virabhadrasana_tf_0030,0.524436,0.564834,-0.510095,0.9982,0.526133,0.559991,-0.535143,0.9987,0.530105,0.560173,-0.534128,0.9972,0.533476,0.559222,-0.53388,0.9983,0.516188,0.556,-0.534767,0.9984,0.509727,0.536602,-0.535913,0.9971,0.505163,0.532044,-0.534482,0.9972,0.551316,0.55274,-0.52961,0.994,0.503947,0.515376,-0.529179,0.9953,0.531687,0.564466,-0.495348,0.9996,0.519765,0.556752,-0.497953,0.9987,0.606761,0.549834,-0.42219,1.0,0.475756,0.46394,-0.401741,0.9995,0.631518,0.483504,-0.467845,0.9647,0.421023,0.360042,-0.367689,0.7937,0.647185,0.410866,-0.468168,0.7556,0.526171,0.354064,-0.328612,0.7423,0.656752,0.401561,-0.508105,0.5557,0.548589,0.356911,-0.34371,0.5631,0.652057,0.401967,-0.518222,0.5465,0.554597,0.364678,-0.344863,0.5562,0.644275,0.399842,-0.4745,0.5115,0.551749,0.366393,-0.333983,0.5596,0.614542,0.489216,-0.02932,0.9996,0.554316,0.450756,0.032118,0.9996,0.628428,0.618296,0.027451,0.3162,0.541417,0.522548,0.146749,0.1818,0.5748,0.720024,0.071434,0.7471,0.593222,0.56239,0.374673,0.5164,0.57299,0.726359,0.075396,0.718,0.608528,0.557769,0.388615,0.2462,0.532686,0.78185,0.067697,0.6261,0.591951,0.616595,0.390141,0.3451
virabhadrasana_tf_0031,0.527012,0.579965,-0.515591,0.9997,0.52942,0.571696,-0.539404,0.9996,0.533792,0.567798,-0.538243,0.9996,0.538208,0.566983,-0.538529,0.9995,0.515572,0.567695,-0.531604,0.9997,0.511703,0.565441,-0.532567,0.9996,0.503573,0.558668,-0.531345,0.9995,0.545528,0.551227,-0.524361,0.9993,0.496436,0.537962,-0.4952,0.9997,0.53697,0.574385,-0.499563,1.0,0.519722,0.576485,-0.492428,0.9999,0.61218,0.548837,-0.405251,0.9999,0.469743,0.484179,-0.347916,0.9999,0.633327,0.484392,-0.500111,0.8854,0.4195,0.370597,-0.354741,0.6484,0.631672,0.438399,-0.556365,0.7853,0.490328,0.364432,-0.467761,0.7883,0.63978,0.438714,-0.586809,0.708,0.534982,0.369525,-0.510864,0.8133,0.627158,0.434441,-0.603138,0.6722,0.544421,0.376578,-0.516169,0.792,0.621392,0.429583,-0.563404,0.6244,0.541316,0.378596,-0.480575,0.7441,0.62483,0.486434,-0.052605,0.9998,0.553198,0.463134,0.055437,0.9999,0.625461,0.584712,-0.063486,0.6613,0.534326,0.529112,0.15537,0.3682,0.567804,0.678217,-0.025532,0.8309,0.591965,0.527346,0.266154,0.5803,0.568342,0.681841,-0.027578,0.8309,0.606283,0.518015,0.267449,0.5434,0.520971,0.741814,-0.024872,0.7024,0.601791,0.565796,0.27599,0.4866
virabhadrasana_tf_0032,0.53276,0.489765,-0.504978,0.9998,0.524301,0.496882,-0.531838,0.9998,0.523548,0.497237,-0.530429,0.9996,0.522784,0.497546,-0.530464,0.9995,0.526138,0.496935,-0.530436,0.9998,0.526024,0.496992,-0.530847,0.9998,0.525903,0.496902,-0.529861,0.9997,0.520496,0.503288,-0.530493,0.9998,0.52795,0.502052,-0.540477,0.9998,0.538871,0.486563,-0.492634,1.0,0.53861,0.4862,-0.497735,1.0,0.526334,0.493982,-0.407142,1.0,0.560531,0.497697,-0.457513,1.0,0.481977,0.396359,-0.338664,0.9248,0.572463,0.447926,-0.345326,0.7487,0.537766,0.382364,-0.285886,0.8094,0.605537,0.411559,-0.225175,0.7604,0.557156,0.379836,-0.288604,0.6733,0.63048,0.403889,-0.20966,0.6358,0.561326,0.390138,-0.295566,0.6648,0.620314,0.403058,-0.234611,0.6279,0.557732,0.393277,-0.2863,0.5622,0.611702,0.403623,-0.231625,0.5884,0.591904,0.461005,0.023673,1.0,0.614462,0.498227,-0.021848,1.0,0.646158,0.38706,0.051202,0.9777,0.630057,0.635896,-0.003372,0.8149,0.600331,0.419982,0.391766,0.7768,0.610108,0.788574,-0.063744,0.9512,0.587738,0.431547,0.42861,0.6629,0.613248,0.799019,-0.072224,0.7994,0.598047,0.413392,0.475849,0.6983,0.572304,0.886412,-0.110272,0.9353
virabhadrasana_tf_0033,0.537025,0.511472,-0.531937,0.9988,0.530653,0.516849,-0.558919,0.9993,0.53041,0.517884,-0.557398,0.9984,0.53023,0.518908,-0.557525,0.9986,0.529776,0.513759,-0.557398,0.9991,0.528754,0.512505,-0.557532,0.9987,0.527737,0.511134,-0.557168,0.9986,0.528385,0.521094,-0.538902,0.9992,0.52657,0.509587,-0.545054,0.9994,0.542117,0.509153,-0.510293,0.9999,0.539996,0.505279,-0.514977,0.9999,0.539797,0.514235,-0.380593,1.0,0.544761,0.492189,-0.45488,1.0,0.523856,0.418925,-0.359743,0.8163,0.544258,0.425964,-0.356014,0.5859,0.563111,0.39702,-0.382401,0.5727,0.577349,0.416166,-0.283542,0.6534,0.575964,0.401816,-0.392722,0.4866,0.599662,0.411301,-0.283335,0.5701,0.576301,0.414754,-0.399932,0.451,0.59519,0.41735,-0.29938,0.5592,0.575828,0.402481,-0.384712,0.3412,0.588994,0.416451,-0.289594,0.5024,0.588795,0.456743,0.038237,1.0,0.605657,0.476458,-0.035884,1.0,0.611593,0.380997,0.016612,0.8598,0.630199,0.593282,-0.007225,0.6858,0.577463,0.442241,0.292515,0.6174,0.593476,0.737242,-0.018306,0.8046,0.56109,0.45374,0.323252,0.5585,0.590546,0.746934,-0.022233,0.6142,0.585996,0.452982,0.379311,0.5193,0.57895,0.805741,-0.0293,0.7344
virabhadrasana_tf_0035,0.496945,0.49642,-0.559811,0.9756,0.499016,0.507916,-0.585708,0.9884,0.499688,0.512294,-0.584549,0.9875,0.50037,0.516658,-0.584451,0.9863,0.498256,0.49467,-0.592409,0.9897,0.498871,0.490382,-0.592404,0.9884,0.499407,0.486032,-0.591815,0.9884,0.515939,0.526158,-0.564923,0.9908,0.513636,0.480252,-0.597268,0.9881,0.508408,0.5008,-0.537882,0.9951,0.507722,0.487143,-0.549935,0.9939,0.560552,0.549104,-0.413982,0.9988,0.559337,0.420476,-0.445569,0.9922,0.613199,0.485606,-0.305233,0.2594,0.617811,0.337739,-0.281335,0.2551,0.619612,0.43103,-0.21189,0.1081,0.622014,0.366479,-0.15396,0.1331,0.620429,0.425324,-0.22704,0.149,0.620603,0.365901,-0.152681,0.1785,0.616608,0.425765,-0.233918,0.1556,0.613662,0.38573,-0.149714,0.1648,0.615552,0.424105,-0.215564,0.1426,0.61327,0.388721,-0.155445,0.1572,0.629075,0.470303,0.002811,0.9995,0.633983,0.410964,-0.00065,0.999,0.587004,0.529576,0.218391,0.3402,0.617317,0.409261,0.24305,0.4415,0.539117,0.616677,0.466155,0.7713,0.602979,0.437792,0.564742,0.72,0.544242,0.627984,0.492108,0.7523,0.606187,0.440431,0.59822,0.5997,0.491311,0.639861,0.512246,0.5228,0.585802,0.447383,0.61275,0.4412
virabhadrasana_tf_0036,0.500482,0.538794,-0.497713,0.9803,0.502628,0.540117,-0.524776,0.9728,0.503928,0.540329,-0.523893,0.9713,0.505327,0.540911,-0.523329,0.9634,0.496668,0.527836,-0.52562,0.9782,0.494522,0.512687,-0.526363,0.9801,0.494348,0.510349,-0.525859,0.9761,0.514401,0.533064,-0.528909,0.9675,0.513112,0.489018,-0.543321,0.9762,0.510041,0.534217,-0.486952,0.9915,0.50395,0.505067,-0.491998,0.9904,0.576503,0.562314,-0.375728,0.9932,0.545429,0.420826,-0.378915,0.9921,0.628191,0.508342,-0.268027,0.1335,0.604126,0.341774,-0.209299,0.4405,0.647952,0.462496,-0.154332,0.119,0.616939,0.378393,-0.091314,0.3063,0.650772,0.454386,-0.160474,0.1447,0.620514,0.382733,-0.090224,0.3634,0.647886,0.456889,-0.161825,0.1445,0.615167,0.401357,-0.089664,0.3405,0.645038,0.457496,-0.156057,0.1396,0.611858,0.402455,-0.094596,0.3038,0.656693,0.48033,-0.00436,0.9997,0.633679,0.40591,0.006544,0.9996,0.615407,0.65692,-0.081446,0.9468,0.593751,0.41228,0.136604,0.8964,0.568427,0.774488,-0.078105,0.989,0.586935,0.437548,0.362096,0.7237,0.567486,0.786478,-0.078655,0.9798,0.586807,0.439468,0.382702,0.67,0.522989,0.8263,-0.12482,0.9817,0.588917,0.447866,0.37735,0.6204
virabhadrasana_tf_0037,0.499543,0.473058,-0.56816,0.9887,0.501115,0.480641,-0.58536,0.9833,0.500415,0.484485,-0.584144,0.9795,0.4998,0.488327,-0.58381,0.9734,0.504926,0.469627,-0.588696,0.9903,0.495884,0.472939,-0.589054,0.9913,0.502487,0.467656,-0.588332,0.9912,0.510757,0.499475,-0.536654,0.9704,0.523205,0.460035,-0.558828,0.9931,0.505257,0.480157,-0.53949,0.9964,0.50846,0.467818,-0.548337,0.9974,0.531895,0.542157,-0.382592,0.9946,0.565514,0.424914,-0.408866,0.9983,0.525105,0.49478,-0.272011,0.2354,0.608876,0.349923,-0.238714,0.3669,0.502376,0.452621,-0.192121,0.0698,0.616977,0.378706,-0.109983,0.1895,0.493423,0.448278,-0.208085,0.0777,0.621816,0.3823,-0.108353,0.2158,0.494256,0.445374,-0.211586,0.0822,0.618108,0.394257,-0.120831,0.2068,0.497911,0.444784,-0.196209,0.0883,0.613463,0.395077,-0.115223,0.216,0.632683,0.500169,0.005972,0.9999,0.635573,0.433677,-0.003712,0.9999,0.607673,0.613872,0.051965,0.8648,0.614609,0.425464,0.071033,0.8759,0.554615,0.706129,0.143435,0.9205,0.584822,0.473562,0.275992,0.7032,0.55533,0.715048,0.151261,0.8398,0.582348,0.479251,0.29603,0.5094,0.507992,0.740424,0.105075,0.9054,0.570009,0.489572,0.288486,0.6625
virabhadrasana_tf_0038,0.495258,0.448424,-0.604264,0.9886,0.491668,0.458866,-0.623202,0.9944,0.491393,0.460842,-0.621933,0.9944,0.492794,0.470471,-0.621914,0.9941,0.496513,0.448778,-0.629769,0.994,0.498052,0.447735,-0.62995,0.9935,0.499915,0.446444,-0.629115,0.9925,0.510648,0.482497,-0.570976,0.9951,0.523017,0.446315,-0.601695,0.9923,0.502109,0.456251,-0.572661,0.9972,0.509082,0.449753,-0.584331,0.9964,0.534272,0.523675,-0.407501,0.9992,0.582835,0.421401,-0.455991,0.9881,0.541421,0.478028,-0.299338,0.3183,0.645106,0.362683,-0.283602,0.0828,0.519189,0.449754,-0.228075,0.2337,0.63949,0.378059,-0.192283,0.0559,0.511894,0.451508,-0.24751,0.2729,0.640232,0.37543,-0.193579,0.1063,0.513621,0.44816,-0.249069,0.2791,0.634161,0.386954,-0.203846,0.0985,0.516815,0.444246,-0.229739,0.2406,0.630818,0.391409,-0.197877,0.0961,0.634074,0.467928,0.012655,0.9997,0.654277,0.41776,-0.010753,0.9995,0.600644,0.492142,0.324209,0.2148,0.649404,0.394656,0.275748,0.3207,0.567505,0.54691,0.648515,0.4679,0.632165,0.392531,0.612791,0.384,0.573703,0.55821,0.681833,0.4499,0.633357,0.3948,0.650169,0.2286,0.528411,0.545952,0.695823,0.3576,0.611836,0.374892,0.659482,0.2402
virabhadrasana_tf_0039,0.497485,0.539167,-0.463181,0.9848,0.497817,0.533281,-0.496221,0.9885,0.499524,0.532693,-0.495767,0.9891,0.501768,0.535528,-0.495364,0.9887,0.490411,0.533152,-0.487852,0.987,0.487214,0.526036,-0.488668,0.9864,0.485288,0.5244,-0.488011,0.984,0.509377,0.526582,-0.525186,0.9926,0.492233,0.501097,-0.501058,0.9861,0.508086,0.538918,-0.463891,0.9877,0.505006,0.532115,-0.457605,0.9852,0.591969,0.517563,-0.421087,0.9954,0.518929,0.44687,-0.372457,0.9895,0.672834,0.452413,-0.38299,0.1081,0.582015,0.390697,-0.228843,0.0345,0.697812,0.408394,-0.31782,0.1988,0.576383,0.422282,-0.067707,0.0174,0.704783,0.396468,-0.350402,0.2311,0.569468,0.420178,-0.050618,0.0272,0.695677,0.401927,-0.369814,0.2309,0.570274,0.439555,-0.049345,0.0251,0.690247,0.404748,-0.330388,0.2327,0.573484,0.440542,-0.067708,0.0329,0.683645,0.466293,-0.022077,0.9999,0.639171,0.417152,0.023907,0.9998,0.663831,0.617033,-0.00861,0.8178,0.623705,0.423597,0.208203,0.646,0.600672,0.767355,0.037957,0.9587,0.605731,0.433205,0.467665,0.6539,0.604904,0.787584,0.038611,0.9355,0.61001,0.431711,0.494909,0.5204,0.551553,0.82111,-0.039738,0.9204,0.592806,0.451653,0.476944,0.4469
virabhadrasana_tf_0041,0.504069,0.536426,-0.544215,0.9864,0.504494,0.523089,-0.563751,0.9938,0.511303,0.515393,-0.563079,0.995,0.515013,0.512485,-0.562865,0.9956,0.494034,0.525113,-0.546595,0.9903,0.491758,0.523168,-0.548218,0.9889,0.487031,0.522216,-0.546882,0.9872,0.527224,0.490175,-0.545339,0.9949,0.493185,0.503421,-0.488389,0.9863,0.519799,0.52932,-0.52839,0.9827,0.510421,0.533139,-0.511859,0.9807,0.617611,0.454525,-0.431521,0.9989,0.472547,0.480967,-0.375145,0.9982,0.686684,0.393057,-0.434234,0.5127,0.472205,0.458067,-0.156886,0.0408,0.720358,0.383059,-0.430747,0.5959,0.480154,0.481307,0.056336,0.0403,0.726513,0.379358,-0.470344,0.5037,0.471568,0.487499,0.077159,0.0499,0.717052,0.391815,-0.494736,0.5188,0.487449,0.488826,0.072325,0.053,0.707891,0.393569,-0.448458,0.4868,0.495544,0.485,0.058438,0.0721,0.666864,0.444736,-0.044125,0.9999,0.603637,0.446277,0.045137,0.9998,0.683828,0.552282,0.086392,0.4834,0.624843,0.453542,0.314117,0.1789,0.647767,0.673968,0.176724,0.6835,0.646669,0.443887,0.612196,0.1968,0.654778,0.696908,0.184204,0.6913,0.654288,0.44379,0.644353,0.137,0.61039,0.711691,0.157438,0.6568,0.642354,0.440799,0.660912,0.156
virabhadrasana_tf_0042,0.492177,0.535609,-0.453443,0.9999,0.492172,0.522879,-0.477453,0.9999,0.496217,0.520627,-0.477106,0.9999,0.501343,0.517802,-0.476429,0.9999,0.480859,0.523474,-0.461708,0.9999,0.477874,0.521427,-0.463172,0.9999,0.474984,0.519589,-0.461989,0.9999,0.515157,0.493401,-0.493842,0.9999,0.478064,0.499143,-0.446193,0.9999,0.509884,0.528778,-0.451644,0.9999,0.497107,0.531748,-0.437339,0.9999,0.61522,0.47234,-0.407953,0.9998,0.464452,0.455895,-0.339219,0.9999,0.694596,0.391402,-0.402163,0.7643,0.445603,0.410012,-0.128996,0.1959,0.715052,0.380919,-0.414685,0.7599,0.458652,0.446582,0.070261,0.1477,0.725895,0.369288,-0.451689,0.6865,0.459288,0.444804,0.079387,0.1447,0.714752,0.373125,-0.479592,0.6973,0.473018,0.447688,0.066031,0.1495,0.705248,0.376604,-0.432582,0.6589,0.482274,0.447318,0.068719,0.1743,0.697959,0.431458,-0.046317,1.0,0.609744,0.439095,0.047564,1.0,0.688266,0.591751,-0.057233,0.9648,0.600994,0.560286,0.119182,0.7949,0.651878,0.730251,-0.032515,0.9777,0.63176,0.697076,0.230787,0.8766,0.658814,0.756005,-0.030294,0.9489,0.650985,0.71523,0.239267,0.7666,0.603315,0.772628,-0.068686,0.9722,0.600025,0.741027,0.215666,0.845
virabhadrasana_tf_0043,0.482754,0.527448,-0.428826,0.9994,0.481609,0.513379,-0.444813,0.9995,0.484714,0.511909,-0.443859,0.9995,0.487531,0.510616,-0.443517,0.9995,0.473265,0.512267,-0.41519,0.9994,0.471851,0.509929,-0.417351,0.9993,0.470357,0.50802,-0.415793,0.9992,0.503573,0.488567,-0.449522,0.9996,0.480735,0.487373,-0.34181,0.9996,0.498086,0.526377,-0.430913,0.9993,0.48944,0.524972,-0.39817,0.9993,0.597389,0.470399,-0.360475,0.9987,0.479339,0.469794,-0.232682,0.9992,0.674192,0.410513,-0.326447,0.5344,0.486264,0.480958,-0.068852,0.0354,0.711139,0.377182,-0.265592,0.5058,0.489815,0.504355,0.044447,0.0468,0.714208,0.356845,-0.305208,0.4476,0.474468,0.511161,0.058349,0.0633,0.708045,0.365667,-0.314036,0.4914,0.486041,0.508874,0.048865,0.0674,0.703243,0.374414,-0.27436,0.4827,0.495957,0.504422,0.041706,0.0778,0.707943,0.434265,-0.076117,0.9998,0.641996,0.423946,0.077558,0.9998,0.668201,0.62829,-0.135777,0.9938,0.585642,0.473817,0.118682,0.8175,0.619111,0.851518,-0.28351,0.9968,0.595474,0.543662,0.129583,0.9629,0.630287,0.873536,-0.302485,0.9929,0.611679,0.553579,0.125484,0.8632,0.565768,0.896021,-0.351767,0.9921,0.55097,0.548853,0.105394,0.9452
virabhadrasana_tf_0044,0.471589,0.527299,-0.272184,0.9998,0.469312,0.510547,-0.297081,0.9999,0.472412,0.508674,-0.296601,0.9999,0.475176,0.507063,-0.296144,0.9999,0.46241,0.510144,-0.268302,0.9998,0.46181,0.507932,-0.269364,0.9998,0.461196,0.506024,-0.268024,0.9998,0.489992,0.486035,-0.346701,0.9999,0.473012,0.484486,-0.235231,0.9998,0.488286,0.526256,-0.286951,0.9998,0.482422,0.525892,-0.253851,0.9997,0.600324,0.480752,-0.326299,0.9998,0.478722,0.454891,-0.132622,0.9997,0.695828,0.436958,-0.301496,0.7107,0.545132,0.436411,0.012316,0.0151,0.714876,0.423918,-0.216823,0.608,0.546767,0.459216,0.144397,0.0075,0.714038,0.414341,-0.245678,0.5479,0.537186,0.46016,0.165027,0.0092,0.701402,0.417142,-0.248866,0.5452,0.540365,0.464313,0.152385,0.0087,0.700787,0.420092,-0.221733,0.5072,0.549426,0.467553,0.141002,0.0109,0.716085,0.428212,-0.065504,0.9999,0.638174,0.422218,0.067295,0.9999,0.689806,0.607579,-0.118941,0.9674,0.574327,0.554456,0.007648,0.7521,0.631911,0.808879,-0.155679,0.9707,0.60197,0.739546,-0.017751,0.8849,0.664944,0.790365,-0.160283,0.9374,0.62618,0.764165,-0.023833,0.7831,0.586912,0.81251,-0.221224,0.9624,0.539582,0.787539,-0.059289,0.8799
virabhadrasana_tf_0045,0.474772,0.525706,-0.392483,1.0,0.470769,0.509517,-0.422085,1.0,0.473407,0.505823,-0.420935,1.0,0.476214,0.502635,-0.420569,1.0,0.464513,0.510844,-0.39039,1.0,0.463582,0.508847,-0.391512,1.0,0.462598,0.506776,-0.390239,1.0,0.493479,0.469966,-0.457506,1.0,0.474695,0.477281,-0.336934,1.0,0.491688,0.521797,-0.398461,1.0,0.486169,0.524157,-0.363931,1.0,0.595658,0.441461,-0.406066,1.0,0.490257,0.488013,-0.212918,1.0,0.714855,0.429883,-0.35436,0.924,0.516421,0.497498,-0.026442,0.0317,0.72079,0.424894,-0.299754,0.896,0.497435,0.496685,0.139024,0.0242,0.721064,0.415456,-0.320793,0.8347,0.490562,0.494993,0.173895,0.0299,0.704559,0.416433,-0.33189,0.8349,0.49059,0.491517,0.163497,0.0299,0.703527,0.421698,-0.305743,0.7695,0.497789,0.492472,0.140582,0.0333,0.704375,0.424207,-0.061747,1.0,0.642631,0.475535,0.063234,1.0,0.735285,0.484828,-0.160037,0.9964,0.639606,0.652549,-0.000926,0.9813,0.672614,0.490391,0.042802,0.8254,0.621049,0.843093,-0.13511,0.9855,0.659454,0.494301,0.065885,0.7058,0.635415,0.869277,-0.148977,0.9552,0.657401,0.502872,0.125894,0.8016,0.548043,0.89774,-0.144454,0.9767
virabhadrasana_tf_0046,0.471958,0.522581,-0.530358,0.9999,0.468404,0.504356,-0.553845,0.9999,0.47158,0.500512,-0.553138,1.0,0.475634,0.497185,-0.552523,1.0,0.46052,0.506362,-0.529379,0.9999,0.460085,0.507237,-0.530454,0.9998,0.45892,0.506486,-0.529376,0.9997,0.491752,0.467767,-0.552181,1.0,0.463923,0.481314,-0.469076,0.9998,0.489466,0.519373,-0.523154,0.9999,0.480516,0.524207,-0.499465,0.9999,0.618995,0.432882,-0.458922,0.9999,0.480116,0.495562,-0.343395,0.9998,0.748803,0.438613,-0.392297,0.8899,0.523203,0.486071,-0.113666,0.0159,0.691979,0.480813,-0.336122,0.9691,0.518076,0.486007,0.077391,0.0189,0.689147,0.470763,-0.363351,0.9482,0.505322,0.488161,0.103545,0.0238,0.662135,0.486175,-0.381803,0.9557,0.5138,0.488313,0.092697,0.0271,0.662636,0.485026,-0.345577,0.9263,0.522932,0.485333,0.078234,0.0325,0.695149,0.435787,-0.022198,1.0,0.621716,0.494066,0.023091,1.0,0.765277,0.421636,0.226825,0.9675,0.649021,0.687265,0.111332,0.9605,0.707211,0.39036,0.570525,0.8929,0.625145,0.83925,0.158283,0.9506,0.692918,0.389856,0.60471,0.7351,0.640112,0.85831,0.162783,0.8278,0.717219,0.396308,0.618995,0.8522,0.591861,0.893589,0.142427,0.9148
virabhadrasana_tf_0047,0.489589,0.517514,-0.496546,0.9999,0.478929,0.500094,-0.518995,0.9999,0.480793,0.496236,-0.518458,1.0,0.48282,0.492273,-0.518214,1.0,0.475,0.505692,-0.496781,0.9998,0.473201,0.505162,-0.49798,0.9998,0.471564,0.504739,-0.496778,0.9997,0.494426,0.462649,-0.515349,1.0,0.477928,0.484096,-0.437117,0.9998,0.50762,0.51093,-0.488161,0.9999,0.50054,0.517279,-0.465862,0.9998,0.619888,0.436626,-0.419114,1.0,0.490592,0.476087,-0.311595,0.9999,0.760593,0.441016,-0.370017,0.9376,0.553594,0.467097,-0.086693,0.0147,0.683197,0.493555,-0.328699,0.9561,0.552515,0.469221,0.081266,0.0098,0.666855,0.50764,-0.358933,0.9299,0.541935,0.466473,0.094454,0.0122,0.646472,0.500319,-0.377759,0.9362,0.546136,0.472313,0.086299,0.0133,0.647937,0.497978,-0.338816,0.898,0.553713,0.472171,0.079675,0.018,0.702938,0.432274,-0.0275,1.0,0.638946,0.467493,0.027996,0.9999,0.730949,0.485199,0.191692,0.8568,0.661508,0.585941,0.166115,0.8223,0.668599,0.559204,0.420596,0.9237,0.644123,0.685353,0.311533,0.8544,0.663794,0.574203,0.441101,0.8272,0.650698,0.697923,0.325033,0.7052,0.636303,0.588631,0.409261,0.8985,0.61177,0.72689,0.287684,0.7725
virabhadrasana_tf_0048,0.477013,0.502172,-0.451073,1.0,0.470911,0.482568,-0.473795,1.0,0.473851,0.478182,-0.473178,1.0,0.476891,0.473921,-0.472682,1.0,0.463911,0.489531,-0.451794,1.0,0.46174,0.488994,-0.452937,1.0,0.459662,0.48854,-0.451951,0.9999,0.489524,0.450282,-0.471604,1.0,0.463657,0.471833,-0.395328,1.0,0.494891,0.498826,-0.442197,1.0,0.48551,0.505437,-0.420257,1.0,0.620717,0.432559,-0.398583,0.9999,0.472498,0.472561,-0.264848,1.0,0.753654,0.458488,-0.346572,0.9424,0.488411,0.509778,-0.074869,0.0944,0.655559,0.521319,-0.272355,0.9246,0.469108,0.507857,0.054246,0.0504,0.643269,0.527925,-0.295933,0.8555,0.463425,0.512209,0.0635,0.0424,0.631603,0.519293,-0.30936,0.8664,0.47395,0.510045,0.050318,0.0454,0.63518,0.516383,-0.278061,0.8106,0.481073,0.508484,0.051158,0.0511,0.709321,0.439224,-0.042008,1.0,0.634964,0.47541,0.043019,1.0,0.726996,0.529427,0.073825,0.922,0.649857,0.615997,0.110898,0.9288,0.655078,0.550905,0.281211,0.7435,0.670799,0.763189,0.139666,0.8823,0.646534,0.553986,0.302654,0.5369,0.685883,0.781194,0.142037,0.6784,0.624357,0.576656,0.323543,0.7647,0.64198,0.8211,0.122565,0.846
virabhadrasana_tf_0049,0.467264,0.503104,-0.401863,1.0,0.463442,0.487245,-0.424977,1.0,0.466409,0.481118,-0.424679,1.0,0.469463,0.476631,-0.424153,1.0,0.454942,0.491364,-0.40307,0.9999,0.452599,0.490782,-0.404347,0.9999,0.450181,0.490133,-0.403116,0.9999,0.484191,0.448811,-0.43909,1.0,0.454302,0.470712,-0.358655,1.0,0.488287,0.501084,-0.399208,0.9999,0.476893,0.505723,-0.375525,0.9999,0.614955,0.442042,-0.377958,0.9998,0.461143,0.46775,-0.239143,1.0,0.744527,0.461848,-0.336942,0.9461,0.46176,0.50331,-0.037181,0.2514,0.649298,0.52588,-0.271643,0.8854,0.46508,0.514544,0.094854,0.139,0.639232,0.535305,-0.298706,0.7914,0.468551,0.522675,0.102795,0.1003,0.620587,0.524975,-0.306141,0.7967,0.474692,0.517924,0.08468,0.106,0.623655,0.521955,-0.276239,0.7494,0.480961,0.514722,0.089818,0.1227,0.716664,0.443424,-0.055995,0.9998,0.635865,0.463635,0.056978,0.9998,0.671742,0.602444,-0.030923,0.8914,0.644518,0.599973,0.081022,0.7774,0.645165,0.714408,0.071563,0.8724,0.63888,0.817426,0.174718,0.7964,0.654524,0.732764,0.080308,0.7663,0.654404,0.835255,0.182311,0.6149,0.590749,0.757262,0.062298,0.9007,0.625412,0.835564,0.165193,0.818
virabhadrasana_tf_0050,0.468833,0.493744,-0.459149,0.9998,0.461839,0.477045,-0.484382,0.9998,0.46405,0.472293,-0.484262,0.9998,0.466622,0.468605,-0.483664,0.9998,0.455628,0.47884,-0.462294,0.9997,0.453628,0.476929,-0.463371,0.9997,0.450736,0.474893,-0.462523,0.9996,0.47881,0.442718,-0.491582,0.9998,0.455339,0.450169,-0.412557,0.9997,0.483471,0.490287,-0.452495,0.9997,0.476348,0.493856,-0.428259,0.9998,0.608435,0.423616,-0.394856,0.9992,0.455337,0.447406,-0.306615,0.9999,0.748281,0.466325,-0.358687,0.9348,0.460566,0.50034,-0.188988,0.585,0.6349,0.532795,-0.333317,0.9316,0.466763,0.527754,-0.186149,0.5173,0.618586,0.541559,-0.375434,0.8715,0.467911,0.533648,-0.213625,0.4272,0.6058,0.528031,-0.387304,0.8763,0.479025,0.525459,-0.239373,0.4575,0.610118,0.524445,-0.342685,0.8449,0.482761,0.521438,-0.200165,0.496,0.713298,0.460046,-0.047172,0.9998,0.637975,0.464756,0.048437,0.9997,0.702118,0.614069,0.118848,0.9162,0.668757,0.546906,0.236521,0.4235,0.664944,0.750749,0.257064,0.9682,0.670653,0.623463,0.467356,0.6305,0.672856,0.772667,0.26963,0.9334,0.681342,0.636764,0.49251,0.4996,0.616765,0.801513,0.202106,0.939,0.638519,0.654507,0.459493,0.6419
virabhadrasana_tf_0051,0.463051,0.482449,-0.459339,1.0,0.456268,0.466883,-0.489774,1.0,0.459198,0.464024,-0.489616,1.0,0.462445,0.460986,-0.48917,1.0,0.448798,0.468041,-0.464861,1.0,0.446693,0.466066,-0.466138,0.9999,0.443257,0.463882,-0.464999,0.9999,0.48208,0.431611,-0.502799,1.0,0.454745,0.44179,-0.406818,0.9999,0.481636,0.480079,-0.453962,1.0,0.475041,0.481577,-0.424762,1.0,0.607313,0.424053,-0.409468,0.9999,0.445004,0.407245,-0.309546,1.0,0.755071,0.474937,-0.380428,0.9813,0.445395,0.454154,-0.124745,0.5681,0.633349,0.550362,-0.327056,0.9827,0.432762,0.525769,-0.052687,0.6727,0.617397,0.569652,-0.361742,0.9608,0.436744,0.540047,-0.06583,0.6332,0.603615,0.552872,-0.375475,0.9578,0.454148,0.534873,-0.087558,0.6424,0.606264,0.546865,-0.337113,0.9377,0.454458,0.526443,-0.063007,0.6857,0.708619,0.459072,-0.054274,1.0,0.635521,0.447195,0.054907,0.9999,0.703575,0.591854,0.128716,0.7696,0.661741,0.440931,0.295006,0.2604,0.702395,0.654018,0.304318,0.9331,0.73512,0.433988,0.589402,0.3378,0.715228,0.659089,0.321291,0.9041,0.754077,0.43027,0.623464,0.3106,0.672469,0.71006,0.314652,0.8484,0.73094,0.454943,0.657705,0.2668
virabhadrasana_tf_0052,0.450544,0.46911,-0.388567,0.9999,0.447181,0.454072,-0.412826,0.9999,0.451233,0.451133,-0.412459,0.9999,0.455134,0.447511,-0.411786,0.9999,0.439842,0.455266,-0.38785,0.9999,0.436455,0.45336,-0.389187,0.9999,0.435143,0.451372,-0.388303,0.9999,0.475211,0.424062,-0.421316,0.9998,0.447773,0.430796,-0.336811,0.9999,0.469315,0.46793,-0.382431,0.9998,0.462011,0.469821,-0.355202,0.9999,0.598742,0.423631,-0.355419,0.9989,0.443783,0.410086,-0.220239,1.0,0.728932,0.473419,-0.353067,0.9195,0.439299,0.467536,-0.091023,0.6978,0.626351,0.552767,-0.353804,0.9328,0.418821,0.526489,-0.091291,0.8323,0.606526,0.570661,-0.397886,0.8841,0.42531,0.544046,-0.110316,0.7662,0.589061,0.557377,-0.39854,0.8829,0.433514,0.537894,-0.142121,0.7746,0.592698,0.549778,-0.358084,0.8435,0.436663,0.532234,-0.106869,0.7872,0.716475,0.456023,-0.05921,1.0,0.646278,0.438483,0.060291,1.0,0.663393,0.656026,-0.04005,0.9533,0.686599,0.39278,0.357058,0.4973,0.647514,0.831165,-0.018032,0.9885,0.769489,0.364289,0.642349,0.6629,0.660732,0.853599,-0.016951,0.9856,0.775772,0.355378,0.674803,0.6389,0.586706,0.884026,-0.085803,0.9745,0.778379,0.36249,0.677056,0.6107
virabhadrasana_tf_0053,0.450682,0.465482,-0.409862,0.9999,0.446513,0.450514,-0.43763,0.9999,0.449747,0.447675,-0.437367,0.9999,0.45363,0.444393,-0.436683,0.9999,0.438196,0.451626,-0.412312,0.9999,0.436662,0.449732,-0.41375,0.9999,0.434897,0.447859,-0.412955,0.9999,0.47256,0.418991,-0.454082,0.9998,0.441848,0.424708,-0.366276,0.9999,0.467892,0.465001,-0.406163,0.9999,0.45997,0.466716,-0.377671,0.9999,0.598828,0.434359,-0.386733,0.9986,0.44479,0.399157,-0.253662,1.0,0.713182,0.471321,-0.413145,0.924,0.425191,0.444993,-0.136781,0.7338,0.611102,0.559013,-0.446765,0.9136,0.384536,0.519551,-0.152721,0.9003,0.591777,0.581898,-0.502189,0.8453,0.38281,0.538923,-0.18181,0.8413,0.569852,0.567184,-0.504601,0.8479,0.398998,0.534695,-0.218413,0.8471,0.571733,0.558725,-0.453876,0.8107,0.402829,0.527286,-0.172084,0.8483,0.705374,0.45767,-0.058416,1.0,0.638602,0.432805,0.059521,1.0,0.682479,0.61762,-0.055226,0.9313,0.68525,0.384249,0.341944,0.4747,0.649335,0.8232,-0.03418,0.9764,0.762405,0.366681,0.628165,0.5489,0.659718,0.85435,-0.03357,0.9698,0.778881,0.351333,0.660527,0.5199,0.592275,0.88418,-0.10577,0.9571,0.787147,0.383115,0.657818,0.5199
virabhadrasana_tf_0054,0.448565,0.464288,-0.428576,0.9997,0.445138,0.450874,-0.454673,0.9996,0.448553,0.448332,-0.45451,0.9996,0.451689,0.445564,-0.453752,0.9995,0.435276,0.452445,-0.429346,0.9996,0.432438,0.451053,-0.430599,0.9996,0.429082,0.44965,-0.429593,0.9996,0.469587,0.42088,-0.475686,0.9994,0.441259,0.427215,-0.381244,0.9998,0.468443,0.46323,-0.427222,0.9992,0.457597,0.46608,-0.397892,0.9994,0.589444,0.434453,-0.395212,0.9958,0.447554,0.390997,-0.271539,0.9999,0.691836,0.47439,-0.410388,0.9269,0.413224,0.433755,-0.126208,0.5581,0.604641,0.55886,-0.458318,0.8909,0.357978,0.518238,-0.132369,0.748,0.587852,0.583608,-0.512483,0.8098,0.361381,0.542091,-0.165861,0.6526,0.567572,0.574858,-0.525388,0.8142,0.37749,0.541641,-0.192164,0.6373,0.568786,0.564898,-0.47045,0.7548,0.380368,0.532958,-0.149238,0.6568,0.696563,0.441407,-0.055753,0.9999,0.652356,0.423413,0.05694,0.9999,0.692673,0.600214,0.044693,0.9482,0.715556,0.389742,0.362465,0.6118,0.661038,0.753857,0.113804,0.9816,0.784175,0.36533,0.688897,0.6744,0.67227,0.77919,0.118791,0.9708,0.800118,0.351509,0.722355,0.5206,0.625252,0.814733,0.063255,0.9535,0.796025,0.390522,0.718518,0.5382
virabhadrasana_tf_0055,0.442016,0.45926,-0.479249,0.9999,0.438977,0.443379,-0.500894,0.9999,0.442832,0.440203,-0.500418,0.9999,0.446837,0.436493,-0.49976,0.9999,0.429802,0.445951,-0.476718,0.9999,0.427146,0.444632,-0.478018,0.9999,0.424095,0.443269,-0.47721,0.9999,0.466357,0.413469,-0.5105,0.9998,0.436117,0.419898,-0.42149,0.9998,0.460619,0.456631,-0.475661,0.9997,0.451082,0.460146,-0.44777,0.9997,0.584814,0.41439,-0.419016,0.9975,0.4425,0.395996,-0.293181,0.9997,0.676744,0.466805,-0.457568,0.8739,0.392335,0.444185,-0.128293,0.5164,0.583935,0.561806,-0.537609,0.9097,0.336718,0.51751,-0.098605,0.7938,0.572529,0.592726,-0.594633,0.8279,0.330871,0.53815,-0.118451,0.7071,0.547468,0.58527,-0.608168,0.8383,0.351924,0.54131,-0.143053,0.6907,0.548779,0.573943,-0.55106,0.7861,0.355911,0.535857,-0.11322,0.6959,0.687462,0.435005,-0.059364,0.9999,0.638319,0.421552,0.060873,0.9999,0.674802,0.604669,0.002681,0.9413,0.70413,0.389648,0.3737,0.8218,0.654928,0.811328,0.024563,0.994,0.795637,0.363683,0.695517,0.8205,0.664604,0.794295,0.023033,0.9882,0.814512,0.350424,0.726996,0.6789,0.609525,0.849741,-0.043576,0.9833,0.808791,0.404374,0.714347,0.6958
virabhadrasana_tf_0056,0.435459,0.450284,-0.460629,0.9999,0.430521,0.435037,-0.482738,0.9999,0.433748,0.431849,-0.482499,0.9999,0.43733,0.428239,-0.481466,0.9998,0.423213,0.437626,-0.457701,0.9999,0.421349,0.436368,-0.458908,0.9999,0.419296,0.434912,-0.458298,0.9999,0.457475,0.404887,-0.500106,0.9998,0.43278,0.411814,-0.405771,0.9999,0.455457,0.44886,-0.460075,0.9998,0.447263,0.452186,-0.430638,0.9999,0.575449,0.42581,-0.420842,0.9979,0.438742,0.389003,-0.281011,0.9999,0.654315,0.465392,-0.480177,0.9227,0.336139,0.429872,-0.130575,0.8426,0.55836,0.564389,-0.594367,0.9369,0.314272,0.51972,-0.125771,0.9535,0.548776,0.594284,-0.660148,0.8765,0.30824,0.538979,-0.153608,0.9034,0.526878,0.586607,-0.670965,0.8884,0.323071,0.542581,-0.18646,0.8967,0.527873,0.577679,-0.608223,0.8291,0.329664,0.538927,-0.144708,0.8893,0.682263,0.440068,-0.058413,0.9999,0.639413,0.42049,0.060105,1.0,0.669105,0.62901,-0.060045,0.9656,0.702802,0.392223,0.374107,0.8883,0.650155,0.830731,-0.088088,0.9936,0.796444,0.36045,0.67369,0.809,0.655749,0.849381,-0.095696,0.9864,0.812978,0.348268,0.701457,0.678,0.599429,0.865552,-0.196905,0.9854,0.813903,0.394491,0.671553,0.7058
virabhadrasana_tf_0057,0.42766,0.443556,-0.418362,1.0,0.424227,0.428343,-0.443317,1.0,0.427069,0.425612,-0.443052,1.0,0.430006,0.423066,-0.442023,0.9999,0.418377,0.430012,-0.416913,1.0,0.416908,0.428279,-0.418077,1.0,0.415091,0.426287,-0.41764,1.0,0.450723,0.40079,-0.478092,0.9999,0.430026,0.405457,-0.37896,1.0,0.448615,0.443165,-0.425589,0.9999,0.440995,0.444787,-0.394266,1.0,0.57199,0.413325,-0.415206,0.9987,0.449518,0.404929,-0.270065,0.9999,0.643689,0.47038,-0.495528,0.9367,0.376107,0.449996,-0.170656,0.8871,0.53695,0.559565,-0.645151,0.9637,0.285564,0.517289,-0.22257,0.9711,0.526914,0.59169,-0.715838,0.9382,0.270631,0.535366,-0.26079,0.9335,0.505099,0.583992,-0.72257,0.9441,0.291131,0.541967,-0.296207,0.9313,0.507056,0.575826,-0.657298,0.9098,0.298053,0.53678,-0.245532,0.9217,0.688236,0.439385,-0.061939,1.0,0.649385,0.434426,0.063148,1.0,0.680068,0.631976,-0.100488,0.9911,0.724706,0.382563,0.37504,0.9663,0.6497,0.835172,-0.118259,0.9968,0.811025,0.363575,0.656417,0.9094,0.657057,0.853274,-0.124497,0.9936,0.821517,0.355932,0.681174,0.8291,0.604969,0.868676,-0.246462,0.9935,0.827527,0.400161,0.631092,0.8598
virabhadrasana_tf_0058,0.41694,0.433104,-0.396253,1.0,0.416683,0.421068,-0.421501,0.9999,0.420634,0.420467,-0.42114,0.9999,0.424214,0.419785,-0.420207,0.9999,0.405863,0.417419,-0.39634,0.9999,0.403461,0.414643,-0.397607,0.9999,0.401355,0.411921,-0.397024,0.9999,0.443108,0.402529,-0.454192,0.9999,0.417849,0.395478,-0.367298,1.0,0.44032,0.436626,-0.401315,1.0,0.430848,0.435079,-0.372818,1.0,0.558498,0.430604,-0.417957,0.9992,0.437971,0.376078,-0.281821,1.0,0.589569,0.488679,-0.542103,0.9557,0.306275,0.413263,-0.232936,0.9686,0.507659,0.552495,-0.710283,0.9639,0.254676,0.517032,-0.301316,0.9894,0.491202,0.585566,-0.780199,0.9533,0.236283,0.538333,-0.348566,0.9731,0.466315,0.575114,-0.78436,0.955,0.252194,0.544886,-0.383952,0.9729,0.473216,0.563549,-0.718794,0.932,0.263213,0.54011,-0.324851,0.9713,0.684833,0.454178,-0.061548,1.0,0.653912,0.41362,0.062568,1.0,0.66789,0.635685,-0.089949,0.994,0.735537,0.383368,0.388344,0.9716,0.65223,0.834323,-0.081281,0.9979,0.812551,0.354534,0.699899,0.9489,0.659997,0.855843,-0.084281,0.9944,0.829069,0.340996,0.729757,0.9173,0.596258,0.886015,-0.19891,0.995,0.823316,0.403472,0.693215,0.9405
virabhadrasana_tf_0059,0.415179,0.425384,-0.392483,0.9999,0.413037,0.412488,-0.424731,0.9999,0.416819,0.411932,-0.4235,0.9999,0.420398,0.411114,-0.422864,0.9999,0.404182,0.409975,-0.399441,0.9999,0.402051,0.40775,-0.400745,0.9999,0.399762,0.405484,-0.399544,0.9999,0.439345,0.395047,-0.465303,0.9998,0.414137,0.389694,-0.376533,0.9999,0.4354,0.430053,-0.39727,0.9999,0.426281,0.429277,-0.368925,0.9999,0.555842,0.426141,-0.4433,0.9993,0.436284,0.374312,-0.274003,1.0,0.557539,0.474635,-0.599257,0.9611,0.300994,0.407241,-0.269374,0.9781,0.464774,0.542127,-0.789994,0.9715,0.233524,0.498292,-0.354323,0.9917,0.456366,0.572784,-0.85291,0.9694,0.217394,0.524105,-0.393872,0.9826,0.434378,0.559386,-0.848125,0.9689,0.221362,0.529673,-0.43982,0.9823,0.437008,0.546711,-0.794386,0.9524,0.23259,0.521932,-0.383544,0.9812,0.688505,0.459668,-0.0671,1.0,0.659191,0.420768,0.068487,1.0,0.669869,0.654203,-0.066751,0.9948,0.741315,0.385556,0.381301,0.9804,0.652696,0.838236,-0.052867,0.9982,0.819717,0.359785,0.688165,0.9586,0.653646,0.861779,-0.048951,0.9954,0.828199,0.351082,0.718091,0.9348,0.593641,0.889583,-0.12095,0.9921,0.832877,0.398141,0.729714,0.944
virabhadrasana_tf_0060,0.415777,0.422334,-0.377131,1.0,0.411039,0.408169,-0.405949,1.0,0.414944,0.407113,-0.404725,1.0,0.418693,0.405916,-0.404078,0.9999,0.401991,0.40574,-0.380102,1.0,0.399932,0.403206,-0.381127,1.0,0.398106,0.400651,-0.380392,1.0,0.442721,0.387802,-0.443493,0.9999,0.419115,0.383588,-0.351022,1.0,0.437509,0.425489,-0.382742,1.0,0.429716,0.425609,-0.353472,1.0,0.547256,0.40434,-0.447582,0.9995,0.440677,0.363993,-0.255426,1.0,0.513869,0.463378,-0.635846,0.9666,0.305899,0.394869,-0.245874,0.9848,0.437644,0.526693,-0.818824,0.9376,0.213046,0.467508,-0.320531,0.9938,0.428337,0.558678,-0.881907,0.9384,0.189297,0.490486,-0.354779,0.9883,0.413356,0.548404,-0.875654,0.9354,0.197885,0.497219,-0.39694,0.9877,0.414785,0.539149,-0.822983,0.906,0.20658,0.490399,-0.347189,0.9864,0.694373,0.447932,-0.078482,1.0,0.653884,0.410384,0.080099,1.0,0.663286,0.646149,-0.124186,0.9943,0.731625,0.395382,0.375739,0.9609,0.652943,0.838369,-0.133595,0.9988,0.823676,0.354146,0.638292,0.9481,0.666848,0.860736,-0.133952,0.9976,0.837353,0.344118,0.662733,0.9211,0.588279,0.889117,-0.211053,0.9978,0.838182,0.389059,0.673421,0.943
virabhadrasana_tf_0061,0.419215,0.420644,-0.322091,1.0,0.413659,0.408639,-0.350561,1.0,0.416407,0.407865,-0.349612,1.0,0.419027,0.406966,-0.349028,1.0,0.406749,0.405111,-0.326905,1.0,0.405327,0.402064,-0.327966,1.0,0.40386,0.399081,-0.327243,1.0,0.437154,0.386762,-0.396712,0.9999,0.419392,0.379437,-0.312669,1.0,0.436615,0.421724,-0.331521,1.0,0.430789,0.420402,-0.304825,1.0,0.531135,0.396624,-0.428837,0.9997,0.433176,0.345474,-0.235684,1.0,0.485825,0.457269,-0.623554,0.9797,0.307712,0.387004,-0.243217,0.988,0.40271,0.505794,-0.802324,0.9536,0.192388,0.438872,-0.326202,0.9946,0.389557,0.536048,-0.862668,0.9528,0.169586,0.463217,-0.354369,0.9899,0.376304,0.521069,-0.85809,0.9491,0.169869,0.469085,-0.395118,0.9894,0.378969,0.513276,-0.807129,0.9287,0.17821,0.462143,-0.351267,0.9887,0.692413,0.446041,-0.082163,1.0,0.651243,0.404672,0.083733,1.0,0.66121,0.648765,-0.133,0.9945,0.729677,0.406271,0.359828,0.9434,0.655308,0.842933,-0.144526,0.9989,0.830665,0.355932,0.610873,0.9455,0.667957,0.867311,-0.145413,0.9982,0.852869,0.344781,0.633674,0.9409,0.596515,0.897141,-0.219811,0.9979,0.844006,0.388628,0.637796,0.9416
virabhadrasana_tf_0062,0.406685,0.404263,-0.350207,1.0,0.401666,0.392948,-0.368816,1.0,0.404587,0.391191,-0.368181,1.0,0.40759,0.389427,-0.367431,1.0,0.395005,0.391051,-0.345192,1.0,0.393607,0.388576,-0.346299,1.0,0.392297,0.386119,-0.345759,1.0,0.426073,0.371559,-0.384405,1.0,0.408753,0.368551,-0.299578,1.0,0.425455,0.405352,-0.351916,1.0,0.417964,0.404397,-0.325378,1.0,0.513749,0.371654,-0.422852,0.9999,0.436978,0.360519,-0.239839,1.0,0.46224,0.408026,-0.623647,0.9946,0.292544,0.381453,-0.246861,0.9943,0.382502,0.476182,-0.784602,0.9856,0.175855,0.418964,-0.305057,0.9967,0.357017,0.500413,-0.837764,0.9815,0.149976,0.437175,-0.325306,0.9941,0.345305,0.492963,-0.836716,0.979,0.148167,0.441843,-0.357875,0.9934,0.354501,0.484566,-0.78947,0.9693,0.158426,0.435327,-0.325174,0.9929,0.696473,0.442105,-0.079581,1.0,0.646407,0.415326,0.080854,1.0,0.664791,0.640989,-0.142153,0.9974,0.724014,0.418046,0.334599,0.9709,0.655308,0.836874,-0.182853,0.9989,0.823124,0.364386,0.541353,0.9515,0.669707,0.862614,-0.189434,0.9986,0.841595,0.352824,0.558939,0.9582,0.602208,0.894999,-0.28758,0.9974,0.852904,0.38111,0.522608,0.9418
virabhadrasana_tf_0063,0.407414,0.397019,-0.337802,1.0,0.401499,0.386268,-0.356355,0.9999,0.404544,0.384477,-0.355569,0.9999,0.407607,0.382404,-0.354954,0.9999,0.394317,0.384979,-0.334585,1.0,0.392881,0.382596,-0.33561,1.0,0.391773,0.380221,-0.335184,1.0,0.42682,0.362146,-0.373109,0.9999,0.410213,0.363976,-0.292654,1.0,0.427482,0.395489,-0.339372,1.0,0.420527,0.394031,-0.314228,1.0,0.519356,0.360327,-0.405594,0.9999,0.428125,0.351817,-0.240005,0.9999,0.455422,0.384768,-0.607521,0.9933,0.281748,0.368422,-0.258982,0.9953,0.364259,0.438828,-0.771765,0.9792,0.156421,0.40193,-0.321388,0.9965,0.340758,0.46095,-0.825994,0.9736,0.125379,0.420178,-0.339125,0.9939,0.331926,0.453119,-0.820142,0.9692,0.121854,0.423299,-0.374344,0.9934,0.336419,0.446041,-0.77595,0.9565,0.134061,0.418561,-0.342559,0.9931,0.698634,0.435223,-0.082528,1.0,0.641351,0.409771,0.083947,1.0,0.665328,0.639606,-0.119395,0.9963,0.705347,0.420349,0.274883,0.9623,0.660372,0.835978,-0.119696,0.9978,0.803084,0.372581,0.468487,0.9313,0.675974,0.856999,-0.122574,0.9962,0.824516,0.358388,0.485291,0.933,0.598383,0.872875,-0.20287,0.9926,0.846091,0.381813,0.459946,0.9232
virabhadrasana_tf_0064,0.393727,0.388644,-0.373446,1.0,0.387343,0.374262,-0.39844,0.9999,0.389992,0.37296,-0.397363,0.9999,0.392714,0.37181,-0.396852,0.9999,0.380153,0.371504,-0.375413,1.0,0.37847,0.368516,-0.376502,1.0,0.37676,0.36611,-0.375725,1.0,0.412406,0.353775,-0.426135,0.9999,0.390484,0.355119,-0.344838,1.0,0.411291,0.389147,-0.376316,1.0,0.4067,0.385921,-0.350991,1.0,0.506431,0.361266,-0.443361,0.9997,0.41363,0.341159,-0.275295,1.0,0.452944,0.368357,-0.655728,0.9898,0.269165,0.354127,-0.292836,0.995,0.35398,0.410667,-0.858725,0.974,0.146629,0.382568,-0.363137,0.9977,0.335065,0.427505,-0.916398,0.97,0.110828,0.400815,-0.383487,0.9956,0.323875,0.419645,-0.908425,0.9657,0.107,0.404243,-0.424481,0.9953,0.329204,0.411883,-0.862227,0.9512,0.122969,0.399746,-0.38695,0.9945,0.680898,0.441738,-0.080078,1.0,0.640708,0.407082,0.081481,1.0,0.660243,0.636411,-0.139198,0.998,0.735893,0.390963,0.35539,0.9708,0.652234,0.826222,-0.152718,0.9993,0.829811,0.35406,0.599369,0.9621,0.658417,0.85107,-0.153701,0.9991,0.839855,0.347425,0.620696,0.9614,0.593261,0.865179,-0.241526,0.9984,0.853929,0.38387,0.597267,0.9499
virabhadrasana_tf_0065,0.393045,0.392605,-0.230952,0.9988,0.386134,0.373724,-0.25921,0.9989,0.38765,0.371106,-0.258318,0.9991,0.38922,0.368576,-0.258027,0.9991,0.383784,0.373457,-0.22702,0.9987,0.383708,0.37059,-0.22797,0.9987,0.383599,0.367937,-0.227741,0.9986,0.405229,0.349365,-0.302359,0.9992,0.396165,0.350861,-0.182224,0.999,0.409449,0.391988,-0.240481,0.9983,0.406573,0.391323,-0.204151,0.9976,0.487811,0.352532,-0.336529,0.9986,0.443096,0.35963,-0.075417,0.9959,0.428596,0.346461,-0.553218,0.9848,0.385834,0.388067,0.095276,0.1062,0.335025,0.372227,-0.679732,0.9444,0.337957,0.408148,0.191287,0.2142,0.312612,0.386673,-0.730611,0.936,0.318914,0.403568,0.201555,0.3079,0.306317,0.381179,-0.732738,0.9343,0.318325,0.400079,0.183574,0.3084,0.316448,0.379837,-0.68521,0.9112,0.335738,0.409329,0.18526,0.3129,0.690187,0.437787,-0.084483,1.0,0.668068,0.413176,0.085628,0.9999,0.664853,0.631227,-0.116441,0.986,0.744308,0.394714,0.304878,0.8542,0.656046,0.824034,-0.15707,0.9983,0.846245,0.353644,0.476182,0.9286,0.667178,0.852232,-0.161802,0.9979,0.869963,0.339292,0.492105,0.93,0.583562,0.860682,-0.210555,0.9959,0.864204,0.401138,0.498647,0.9047
virabhadrasana_tf_0066,0.40047,0.389481,-0.261702,0.9997,0.393213,0.372655,-0.284446,0.9997,0.395387,0.370176,-0.28349,0.9998,0.397774,0.36754,-0.283195,0.9998,0.389264,0.373425,-0.25332,0.9997,0.388585,0.371358,-0.254046,0.9997,0.387789,0.36902,-0.253967,0.9997,0.414777,0.350592,-0.318818,0.9997,0.400147,0.354554,-0.201052,0.9998,0.419927,0.390179,-0.268838,0.9995,0.416265,0.391635,-0.233099,0.9994,0.500859,0.35011,-0.361637,0.9993,0.45434,0.370625,-0.105097,0.999,0.413869,0.348447,-0.562331,0.9877,0.350282,0.394963,-0.03396,0.4924,0.309485,0.350921,-0.667438,0.9399,0.25852,0.407105,-0.07093,0.6567,0.278142,0.353078,-0.721408,0.9356,0.240697,0.404972,-0.077064,0.7398,0.278506,0.351465,-0.709632,0.9267,0.237289,0.403769,-0.106146,0.7349,0.287175,0.351356,-0.667848,0.9062,0.246058,0.406513,-0.086904,0.7309,0.68937,0.430295,-0.085157,1.0,0.664494,0.412837,0.086604,0.9999,0.667432,0.630731,-0.145062,0.9947,0.741269,0.397984,0.293934,0.9478,0.660707,0.823976,-0.174047,0.9986,0.85656,0.352464,0.460405,0.9548,0.673345,0.850219,-0.177925,0.9982,0.876297,0.341904,0.47457,0.9494,0.590485,0.86003,-0.238692,0.997,0.867271,0.3884,0.462074,0.9322
virabhadrasana_tf_0067,0.402509,0.389544,-0.283099,0.9999,0.394847,0.373153,-0.307434,0.9999,0.3971,0.370398,-0.30662,0.9999,0.399564,0.367501,-0.306207,0.9999,0.389753,0.374236,-0.277082,0.9998,0.388504,0.37221,-0.277869,0.9998,0.387472,0.370026,-0.27771,0.9998,0.414191,0.349421,-0.33751,0.9999,0.398421,0.35551,-0.222867,0.9999,0.419711,0.388971,-0.287328,0.9997,0.414373,0.391383,-0.252663,0.9997,0.496045,0.345949,-0.367708,0.9996,0.449537,0.373611,-0.125278,0.9992,0.412024,0.348218,-0.57443,0.9923,0.354434,0.37764,-0.037444,0.3976,0.307668,0.348669,-0.68333,0.9514,0.273739,0.364223,-0.047537,0.5825,0.280361,0.354025,-0.736246,0.9417,0.258706,0.355242,-0.058066,0.6555,0.273993,0.35022,-0.730206,0.9367,0.255164,0.354645,-0.080553,0.649,0.283413,0.3499,-0.685856,0.9214,0.263182,0.360648,-0.06037,0.6383,0.684694,0.431144,-0.083664,1.0,0.664867,0.407519,0.084962,1.0,0.665508,0.633587,-0.135951,0.993,0.746027,0.394076,0.277015,0.9533,0.656722,0.82531,-0.156865,0.9986,0.852834,0.355679,0.434968,0.9659,0.67533,0.850831,-0.160734,0.9981,0.870631,0.345264,0.448055,0.9589,0.59091,0.862059,-0.216217,0.9972,0.874008,0.404149,0.440592,0.9511
virabhadrasana_tf_0068,0.395787,0.38245,-0.23963,0.9992,0.389424,0.36696,-0.261226,0.9994,0.391464,0.364177,-0.260352,0.9995,0.393642,0.361194,-0.259998,0.9995,0.386268,0.368353,-0.231546,0.9992,0.386022,0.366797,-0.232501,0.9991,0.385885,0.365113,-0.232279,0.999,0.409629,0.343158,-0.279459,0.9996,0.398735,0.349425,-0.172216,0.9993,0.413166,0.382935,-0.240717,0.9993,0.409191,0.384722,-0.208335,0.9989,0.489252,0.343086,-0.315466,0.9994,0.458041,0.36502,-0.057834,0.9966,0.413503,0.335934,-0.522527,0.9906,0.439599,0.394162,0.105128,0.046,0.306916,0.343958,-0.619778,0.9589,0.402801,0.405999,0.195226,0.1078,0.28167,0.350728,-0.668617,0.9399,0.396492,0.406944,0.209725,0.1733,0.275487,0.347827,-0.661275,0.9378,0.394843,0.405493,0.188851,0.1681,0.283572,0.346437,-0.622728,0.9171,0.397436,0.408164,0.188708,0.1688,0.687055,0.439386,-0.080316,1.0,0.679607,0.405468,0.081686,0.9999,0.665409,0.628162,-0.120697,0.9936,0.753987,0.385383,0.29049,0.9262,0.651411,0.823533,-0.158962,0.9988,0.862681,0.355296,0.442387,0.9594,0.660269,0.849701,-0.163172,0.9984,0.881044,0.347171,0.457068,0.9459,0.589217,0.865563,-0.215146,0.9971,0.872349,0.40375,0.453982,0.9437
virabhadrasana_tf_0069,0.401498,0.383325,-0.239211,0.9998,0.391971,0.367396,-0.262204,0.9998,0.394043,0.364375,-0.261345,0.9998,0.396362,0.361547,-0.261125,0.9999,0.388566,0.36809,-0.231063,0.9998,0.387957,0.366035,-0.231771,0.9998,0.387499,0.363967,-0.231598,0.9998,0.414253,0.343595,-0.296776,0.9998,0.402146,0.349259,-0.177823,0.9998,0.418393,0.382931,-0.246269,0.9996,0.415384,0.38541,-0.210137,0.9995,0.496078,0.342595,-0.343119,0.9994,0.464236,0.359088,-0.071265,0.9986,0.393264,0.327583,-0.515825,0.9894,0.37159,0.364943,0.005509,0.2295,0.283144,0.33359,-0.574127,0.9351,0.286284,0.365859,-0.05166,0.3386,0.259911,0.34269,-0.625711,0.9253,0.271833,0.358508,-0.056229,0.4601,0.259131,0.341871,-0.606145,0.9134,0.26471,0.359792,-0.090517,0.4557,0.260045,0.337011,-0.569903,0.8819,0.271134,0.364639,-0.069959,0.4569,0.691386,0.427401,-0.086709,1.0,0.685037,0.399963,0.088232,0.9999,0.666718,0.622498,-0.132711,0.9958,0.760133,0.3911,0.288749,0.9469,0.658769,0.817875,-0.144828,0.9985,0.877135,0.356933,0.437516,0.9502,0.671154,0.845718,-0.147631,0.9979,0.891578,0.352659,0.450845,0.9378,0.590351,0.853838,-0.199985,0.9968,0.887696,0.403223,0.447882,0.9293
virabhadrasana_tf_0070,0.39654,0.381578,-0.211136,0.9998,0.387274,0.36612,-0.233506,0.9998,0.388892,0.363988,-0.232682,0.9998,0.390675,0.361502,-0.23231,0.9998,0.385392,0.367032,-0.200976,0.9998,0.385517,0.365498,-0.201759,0.9998,0.385643,0.363958,-0.201594,0.9998,0.407033,0.342859,-0.277229,0.9998,0.400158,0.346766,-0.152499,0.9998,0.414332,0.382031,-0.223583,0.9996,0.412271,0.384103,-0.185998,0.9995,0.495318,0.342088,-0.330661,0.9993,0.462963,0.35923,-0.059092,0.9982,0.394657,0.319173,-0.502463,0.988,0.366036,0.352207,0.02004,0.2453,0.29388,0.330739,-0.563786,0.9445,0.284389,0.345928,-0.03445,0.4387,0.266382,0.341356,-0.611062,0.9388,0.253242,0.348159,-0.043136,0.5623,0.258214,0.336437,-0.597339,0.929,0.251528,0.344925,-0.073909,0.5526,0.269359,0.336241,-0.562053,0.8994,0.259206,0.343265,-0.053015,0.5616,0.687458,0.430792,-0.091953,1.0,0.680228,0.411497,0.093345,0.9999,0.667832,0.628894,-0.13218,0.9954,0.752939,0.397875,0.30225,0.9466,0.668435,0.824138,-0.175629,0.999,0.872304,0.363803,0.431339,0.9532,0.67663,0.852745,-0.181918,0.9986,0.89162,0.355715,0.442979,0.9553,0.591359,0.864331,-0.244019,0.9972,0.888825,0.401659,0.447355,0.9332
virabhadrasana_tf_0071,0.389579,0.373919,-0.150593,0.9996,0.380709,0.359325,-0.176976,0.9996,0.38209,0.357327,-0.176133,0.9997,0.383624,0.354854,-0.175903,0.9997,0.37901,0.359467,-0.142926,0.9996,0.379172,0.357568,-0.143694,0.9996,0.379308,0.355713,-0.143446,0.9997,0.398042,0.337616,-0.230297,0.9997,0.391771,0.339123,-0.099099,0.9997,0.40612,0.374076,-0.165209,0.9995,0.404234,0.374738,-0.125554,0.9994,0.475962,0.33911,-0.282866,0.9992,0.455593,0.345595,0.000654,0.9973,0.378756,0.326324,-0.463409,0.9864,0.36314,0.353109,0.111118,0.0967,0.287845,0.331444,-0.52785,0.9143,0.287352,0.340055,0.098385,0.2085,0.263508,0.338591,-0.57339,0.9041,0.260046,0.343591,0.098825,0.317,0.256387,0.333452,-0.562338,0.8917,0.256233,0.339756,0.072471,0.3123,0.26736,0.332505,-0.526588,0.8552,0.263391,0.343607,0.084716,0.3239,0.687048,0.435109,-0.092879,1.0,0.683517,0.406692,0.094157,0.9999,0.666067,0.626243,-0.113782,0.9966,0.75385,0.39411,0.300075,0.9462,0.669443,0.819377,-0.136283,0.9992,0.879229,0.361994,0.437112,0.9648,0.676554,0.845975,-0.140085,0.9988,0.899724,0.354692,0.449716,0.9672,0.588885,0.856147,-0.19028,0.9977,0.896629,0.398813,0.45981,0.949
virabhadrasana_tf_0072,0.3886,0.370774,-0.183157,0.9995,0.380891,0.355866,-0.208909,0.9995,0.382616,0.353684,-0.207993,0.9996,0.384329,0.351766,-0.207702,0.9996,0.378659,0.355836,-0.175786,0.9996,0.378671,0.35401,-0.176569,0.9996,0.378822,0.351777,-0.17643,0.9996,0.399426,0.335916,-0.258332,0.9996,0.391716,0.337313,-0.131033,0.9997,0.405735,0.372107,-0.196434,0.9994,0.40369,0.372735,-0.15803,0.9994,0.481158,0.34036,-0.308266,0.999,0.455317,0.344807,-0.035044,0.9979,0.389597,0.306269,-0.492826,0.9865,0.359253,0.338739,0.074363,0.1576,0.294385,0.32167,-0.562509,0.9204,0.287382,0.333175,0.062184,0.3546,0.265099,0.331636,-0.610324,0.9091,0.256597,0.335853,0.060633,0.4842,0.260288,0.328273,-0.596881,0.897,0.247653,0.329174,0.032756,0.4765,0.269504,0.323859,-0.560893,0.8594,0.262273,0.33132,0.047839,0.4818,0.690427,0.433986,-0.089096,1.0,0.683974,0.403788,0.09039,0.9999,0.667705,0.629296,-0.099482,0.9966,0.757483,0.395721,0.302001,0.9569,0.669711,0.816142,-0.104034,0.999,0.885492,0.363289,0.446699,0.9626,0.678893,0.843432,-0.106399,0.9983,0.902049,0.355271,0.459769,0.9575,0.589785,0.849664,-0.160152,0.9969,0.90342,0.401169,0.4642,0.9433
virabhadrasana_tf_0073,0.383903,0.364248,-0.14985,0.9993,0.378266,0.348793,-0.176936,0.9993,0.380027,0.346691,-0.176058,0.9994,0.381819,0.344491,-0.175861,0.9994,0.376068,0.349383,-0.143497,0.9993,0.376286,0.347692,-0.144298,0.9993,0.37648,0.345916,-0.144081,0.9994,0.397247,0.329197,-0.229216,0.9994,0.390054,0.331483,-0.100985,0.9996,0.400859,0.365504,-0.163628,0.9992,0.39851,0.366138,-0.125047,0.9991,0.475838,0.339084,-0.28095,0.9991,0.45394,0.340919,-0.00307,0.997,0.386967,0.315974,-0.463127,0.9838,0.370716,0.326248,0.119234,0.0804,0.289496,0.326493,-0.534655,0.9125,0.290613,0.324219,0.129284,0.2246,0.260657,0.330854,-0.580747,0.9037,0.255749,0.321486,0.129376,0.3523,0.25419,0.325266,-0.56985,0.893,0.249204,0.319021,0.105314,0.3438,0.266057,0.325773,-0.533677,0.859,0.264341,0.322405,0.117814,0.3477,0.693394,0.430331,-0.089048,1.0,0.688758,0.396203,0.090306,0.9999,0.66864,0.62745,-0.090629,0.9967,0.770525,0.388353,0.299342,0.944,0.6698,0.813661,-0.090322,0.999,0.884099,0.358826,0.442802,0.9581,0.679426,0.840529,-0.091439,0.9982,0.901741,0.358096,0.455726,0.9582,0.589646,0.846172,-0.139853,0.9964,0.899558,0.398498,0.461314,0.9365
virabhadrasana_tf_0074,0.386662,0.369976,-0.193707,0.9997,0.37941,0.354549,-0.218112,0.9997,0.380902,0.352364,-0.217179,0.9997,0.382481,0.349979,-0.216893,0.9997,0.377325,0.355764,-0.184925,0.9997,0.37731,0.354384,-0.185729,0.9997,0.377232,0.352864,-0.185433,0.9997,0.397444,0.33333,-0.26285,0.9998,0.391068,0.337083,-0.135458,0.9998,0.403933,0.370512,-0.205817,0.9995,0.401424,0.372838,-0.167451,0.9995,0.478336,0.344003,-0.312714,0.9992,0.457404,0.339759,-0.035653,0.9978,0.387542,0.311292,-0.489979,0.9903,0.364481,0.32448,0.072284,0.1476,0.289111,0.317043,-0.552485,0.9451,0.287925,0.32765,0.045829,0.4003,0.25754,0.32467,-0.600387,0.929,0.253582,0.324246,0.041297,0.5416,0.250609,0.319744,-0.585302,0.9198,0.251869,0.324062,0.013095,0.5307,0.262128,0.31756,-0.550707,0.8919,0.262416,0.325926,0.030833,0.5255,0.689916,0.427233,-0.093299,1.0,0.682909,0.398801,0.094694,0.9999,0.667357,0.624968,-0.109498,0.9974,0.76403,0.391611,0.284887,0.9745,0.665618,0.816532,-0.122007,0.9991,0.895876,0.358752,0.412535,0.9776,0.673453,0.844378,-0.125325,0.9986,0.920137,0.350577,0.424089,0.972,0.58521,0.845197,-0.173804,0.9977,0.913595,0.413417,0.430298,0.9649
virabhadrasana_tf_0075,0.397,0.374689,-0.164873,0.9997,0.386327,0.361091,-0.183827,0.9997,0.387358,0.358333,-0.182846,0.9998,0.388254,0.355281,-0.182747,0.9997,0.384205,0.364363,-0.151163,0.9997,0.383748,0.363729,-0.151975,0.9997,0.383065,0.36299,-0.151473,0.9997,0.399223,0.337338,-0.208513,0.9998,0.393628,0.34767,-0.081639,0.9998,0.414248,0.371601,-0.170051,0.9994,0.411783,0.376853,-0.131684,0.9993,0.475203,0.334657,-0.250887,0.9987,0.463685,0.349499,0.014708,0.9937,0.383084,0.306142,-0.420932,0.9919,0.37779,0.323926,0.107156,0.1051,0.285124,0.31465,-0.453115,0.9678,0.289643,0.323612,0.064033,0.3732,0.252776,0.323227,-0.494404,0.951,0.259149,0.318986,0.060752,0.5093,0.250013,0.320799,-0.472865,0.9439,0.258261,0.320526,0.036233,0.4909,0.259498,0.319644,-0.448163,0.9242,0.267929,0.321621,0.05068,0.4917,0.688081,0.428122,-0.091932,0.9999,0.689597,0.400289,0.093387,0.9998,0.666762,0.624673,-0.077086,0.998,0.775767,0.382771,0.230876,0.9818,0.668119,0.817945,-0.056779,0.9993,0.90107,0.357916,0.330069,0.9879,0.675496,0.841667,-0.058792,0.9989,0.923923,0.350482,0.338939,0.9846,0.585303,0.84996,-0.106263,0.9975,0.917855,0.409332,0.333033,0.9782
virabhadrasana_tf_0076,0.38367,0.370986,-0.148213,0.9994,0.375288,0.356425,-0.170462,0.9995,0.376712,0.35363,-0.169542,0.9995,0.378174,0.35023,-0.16929,0.9995,0.372989,0.35864,-0.137902,0.9995,0.372766,0.357683,-0.138649,0.9995,0.372475,0.356405,-0.138392,0.9995,0.392023,0.330872,-0.206377,0.9996,0.386087,0.338471,-0.079351,0.9997,0.402832,0.369722,-0.157255,0.9993,0.399928,0.373512,-0.118979,0.9992,0.479133,0.327835,-0.253259,0.9982,0.457471,0.349,0.015597,0.9956,0.382306,0.309904,-0.422544,0.9877,0.347069,0.34375,0.127084,0.146,0.284889,0.3117,-0.475153,0.9218,0.282161,0.32806,0.116933,0.4005,0.252157,0.316247,-0.51724,0.8957,0.248773,0.322597,0.1131,0.5313,0.249778,0.313218,-0.504805,0.8869,0.249729,0.32259,0.092579,0.5186,0.260765,0.312849,-0.473839,0.8636,0.261766,0.324566,0.106213,0.5168,0.695208,0.426779,-0.091634,0.9999,0.697642,0.401725,0.092909,0.9998,0.670197,0.626112,-0.060248,0.9964,0.776258,0.387691,0.239874,0.9785,0.665486,0.816509,-0.034163,0.9986,0.908695,0.355247,0.34904,0.9819,0.681169,0.842821,-0.034786,0.998,0.929205,0.352488,0.358791,0.9793,0.580151,0.852792,-0.078785,0.9954,0.920154,0.416483,0.354544,0.9703
virabhadrasana_tf_0077,0.386652,0.375141,-0.146519,0.9996,0.376539,0.361179,-0.166038,0.9996,0.37765,0.357917,-0.165068,0.9997,0.378658,0.354243,-0.164863,0.9997,0.374723,0.363695,-0.132748,0.9997,0.374601,0.362659,-0.133611,0.9997,0.374308,0.361223,-0.133296,0.9997,0.391964,0.333609,-0.196187,0.9997,0.386885,0.342085,-0.066574,0.9998,0.404315,0.373925,-0.15384,0.9994,0.402223,0.377844,-0.114876,0.9994,0.476576,0.329826,-0.243266,0.9984,0.459309,0.351157,0.023464,0.9958,0.374416,0.299051,-0.405016,0.9916,0.343552,0.34173,0.126188,0.1554,0.280943,0.310836,-0.427532,0.9352,0.274182,0.325927,0.099262,0.4965,0.248443,0.313374,-0.467427,0.9007,0.248903,0.320479,0.098726,0.6222,0.244823,0.312653,-0.448998,0.888,0.246127,0.320691,0.074155,0.6091,0.257426,0.312321,-0.423483,0.8624,0.259138,0.326147,0.087314,0.6051,0.691186,0.423439,-0.092529,0.9999,0.69801,0.404352,0.093816,0.9999,0.671876,0.621272,-0.074175,0.9975,0.777889,0.388433,0.244434,0.9776,0.673403,0.816106,-0.060189,0.9991,0.90611,0.372928,0.352041,0.9798,0.685959,0.841773,-0.062077,0.9986,0.92284,0.363326,0.361391,0.9753,0.587974,0.852863,-0.108692,0.9972,0.924197,0.423039,0.352732,0.9694
virabhadrasana_tf_0078,0.388569,0.373129,-0.131014,0.9998,0.378756,0.359919,-0.154948,0.9998,0.379847,0.35703,-0.154027,0.9999,0.380876,0.35369,-0.153811,0.9999,0.377017,0.361633,-0.121082,0.9998,0.376931,0.360272,-0.121844,0.9998,0.376722,0.358524,-0.121711,0.9999,0.393547,0.333138,-0.203,0.9999,0.388391,0.339166,-0.070589,0.9999,0.406315,0.372068,-0.144531,0.9998,0.404363,0.375021,-0.104463,0.9998,0.472974,0.327237,-0.258697,0.9995,0.454674,0.346438,0.018625,0.9986,0.367339,0.305978,-0.431919,0.9937,0.340174,0.336823,0.10671,0.2126,0.276029,0.305003,-0.474905,0.9467,0.278239,0.318215,0.053345,0.5048,0.241752,0.307174,-0.519062,0.928,0.244437,0.313237,0.050164,0.6334,0.238367,0.30517,-0.500763,0.9156,0.238674,0.311303,0.022509,0.6234,0.249302,0.304712,-0.470217,0.8905,0.253354,0.3139,0.038863,0.6235,0.692394,0.419089,-0.09605,1.0,0.686853,0.403844,0.097336,0.9999,0.672681,0.619626,-0.095177,0.9974,0.774851,0.392113,0.270809,0.9639,0.673617,0.81687,-0.093678,0.999,0.900918,0.368942,0.393852,0.9667,0.68611,0.843862,-0.096458,0.9984,0.922093,0.367568,0.404569,0.9649,0.594803,0.854336,-0.144395,0.9971,0.92566,0.418932,0.402756,0.9537
virabhadrasana_tf_0079,0.390703,0.373844,-0.149484,0.9998,0.380597,0.360373,-0.173758,0.9998,0.381853,0.357885,-0.172788,0.9999,0.383063,0.354691,-0.172551,0.9999,0.378603,0.361799,-0.139578,0.9998,0.37853,0.360459,-0.140366,0.9998,0.37832,0.358692,-0.140224,0.9998,0.396408,0.3345,-0.222673,0.9999,0.389665,0.338899,-0.089918,0.9999,0.408782,0.372753,-0.163105,0.9997,0.407,0.375602,-0.123025,0.9997,0.476441,0.328612,-0.270788,0.9996,0.455023,0.342098,-0.004294,0.9991,0.370807,0.304585,-0.442298,0.992,0.349604,0.328352,0.080637,0.2303,0.27583,0.297168,-0.488158,0.9434,0.267366,0.309325,0.029107,0.5498,0.243551,0.297648,-0.534711,0.9299,0.237724,0.299103,0.025414,0.6728,0.239832,0.296055,-0.514416,0.9172,0.23709,0.298898,-0.005303,0.6638,0.249147,0.295697,-0.483028,0.8868,0.243068,0.303806,0.013153,0.6602,0.69479,0.42229,-0.09254,1.0,0.690506,0.40575,0.09382,1.0,0.675077,0.620836,-0.094736,0.9975,0.787972,0.387491,0.307883,0.9628,0.674924,0.815867,-0.099867,0.9989,0.904618,0.371377,0.454681,0.9569,0.687067,0.842855,-0.102554,0.9984,0.926546,0.369962,0.468625,0.9525,0.598111,0.853581,-0.152732,0.9969,0.929301,0.41929,0.471544,0.9387
virabhadrasana_tf_0080,0.398302,0.379496,-0.175019,0.9997,0.388071,0.363615,-0.198356,0.9998,0.389365,0.360786,-0.197362,0.9998,0.390574,0.357718,-0.197143,0.9998,0.38627,0.365826,-0.163865,0.9998,0.386247,0.364675,-0.164528,0.9998,0.385896,0.363324,-0.164382,0.9998,0.404577,0.339525,-0.243012,0.9998,0.39768,0.346134,-0.109077,0.9998,0.41543,0.377924,-0.187017,0.9996,0.413556,0.382048,-0.146759,0.9996,0.4844,0.335133,-0.279881,0.9995,0.458311,0.351019,-0.021779,0.9992,0.379102,0.30978,-0.43865,0.9911,0.350761,0.326962,0.050793,0.3167,0.271942,0.296795,-0.483291,0.9586,0.26363,0.307915,-0.020815,0.6275,0.245083,0.288989,-0.529269,0.9506,0.242314,0.293678,-0.031205,0.7213,0.244795,0.286257,-0.51105,0.9426,0.242115,0.292071,-0.060047,0.7131,0.251523,0.289006,-0.479417,0.9181,0.246999,0.299343,-0.037781,0.7054,0.693612,0.423062,-0.090071,1.0,0.685209,0.411239,0.091504,0.9999,0.67322,0.616431,-0.103198,0.9975,0.791278,0.392903,0.28206,0.9736,0.675244,0.807506,-0.117058,0.9991,0.922738,0.372818,0.409939,0.9668,0.684844,0.833088,-0.121216,0.9985,0.941154,0.372538,0.421343,0.959,0.60292,0.849049,-0.184995,0.9974,0.937423,0.423386,0.409812,0.9506
virabhadrasana_tf_0081,0.39355,0.380961,-0.175312,0.9997,0.383725,0.366317,-0.200431,0.9998,0.385266,0.363918,-0.199471,0.9998,0.386668,0.36143,-0.199194,0.9998,0.381058,0.367433,-0.165272,0.9997,0.380842,0.36587,-0.165951,0.9997,0.38038,0.364145,-0.165789,0.9997,0.399585,0.343494,-0.2551,0.9998,0.391713,0.346594,-0.116983,0.9998,0.411189,0.380331,-0.190873,0.9996,0.408983,0.382524,-0.149543,0.9995,0.482092,0.341831,-0.298708,0.9995,0.45414,0.344586,-0.02886,0.999,0.371725,0.321924,-0.455554,0.9932,0.341698,0.320981,0.052242,0.2342,0.271039,0.299442,-0.503942,0.966,0.260854,0.29943,-0.009984,0.5269,0.234396,0.29302,-0.553893,0.9583,0.236374,0.288322,-0.017429,0.6577,0.234964,0.287183,-0.53576,0.9511,0.236313,0.287195,-0.047304,0.6482,0.244682,0.289709,-0.500513,0.9293,0.240639,0.29063,-0.026335,0.6439,0.695646,0.422772,-0.092246,1.0,0.68456,0.408419,0.093592,0.9999,0.675524,0.617231,-0.084508,0.9963,0.7858,0.398085,0.271329,0.9677,0.677841,0.8079,-0.076818,0.9986,0.924817,0.375031,0.395664,0.9644,0.691801,0.8365,-0.078891,0.9982,0.944631,0.367002,0.406709,0.9603,0.601016,0.850627,-0.1337,0.9965,0.939906,0.433712,0.401891,0.9493
virabhadrasana_tf_0082,0.393465,0.378872,-0.176656,0.9997,0.382991,0.36551,-0.200223,0.9998,0.384166,0.363338,-0.199326,0.9998,0.385382,0.361131,-0.198917,0.9999,0.381753,0.36627,-0.1661,0.9998,0.382035,0.364097,-0.166608,0.9998,0.382145,0.362086,-0.166554,0.9998,0.400752,0.343341,-0.252349,0.9999,0.394588,0.344636,-0.116378,0.9998,0.410609,0.377054,-0.191405,0.9997,0.409142,0.377984,-0.150697,0.9996,0.483742,0.346609,-0.292294,0.9993,0.455685,0.345576,-0.028692,0.9987,0.371658,0.314035,-0.438198,0.9949,0.335251,0.325347,0.035722,0.2565,0.264763,0.293556,-0.476168,0.9694,0.261269,0.301078,-0.061548,0.4906,0.230661,0.28666,-0.528635,0.9583,0.231201,0.284515,-0.073423,0.6369,0.228504,0.286726,-0.507867,0.9499,0.226379,0.285257,-0.102759,0.6235,0.235789,0.289365,-0.47185,0.9252,0.234967,0.292239,-0.078974,0.6174,0.693531,0.419395,-0.090415,0.9999,0.688443,0.397811,0.091989,0.9999,0.676651,0.620285,-0.063548,0.9977,0.799099,0.384232,0.234751,0.9816,0.679057,0.808426,-0.04597,0.9989,0.929038,0.363513,0.337186,0.9801,0.691149,0.835555,-0.04845,0.9986,0.94977,0.360383,0.344548,0.9749,0.602098,0.849672,-0.111778,0.9974,0.947504,0.414148,0.318979,0.9717
virabhadrasana_tf_0083,0.39933,0.383911,-0.159046,0.9996,0.387891,0.3717,-0.183145,0.9997,0.388882,0.369033,-0.182221,0.9997,0.389767,0.366118,-0.181955,0.9997,0.386442,0.373302,-0.148742,0.9996,0.38638,0.371961,-0.149397,0.9996,0.386001,0.370356,-0.149202,0.9996,0.40082,0.346152,-0.233996,0.9998,0.395274,0.351254,-0.097743,0.9997,0.415404,0.380824,-0.17312,0.9995,0.413504,0.383722,-0.132351,0.9994,0.478648,0.34319,-0.273595,0.9994,0.453334,0.353854,-0.009882,0.999,0.368562,0.312601,-0.425481,0.994,0.341527,0.334816,0.07165,0.3097,0.271141,0.288026,-0.473619,0.9714,0.260903,0.306689,-0.005735,0.6017,0.242977,0.280157,-0.523443,0.9633,0.237852,0.288396,-0.012506,0.7171,0.238067,0.279634,-0.502671,0.9563,0.23607,0.287933,-0.042307,0.7086,0.246823,0.282681,-0.46915,0.9345,0.242553,0.292449,-0.02208,0.702,0.693714,0.423507,-0.091829,0.9999,0.682235,0.411489,0.093206,0.9999,0.67739,0.620689,-0.061387,0.9977,0.802699,0.390682,0.245098,0.9779,0.675844,0.80547,-0.045477,0.9989,0.92344,0.37019,0.362654,0.9718,0.685771,0.833767,-0.047655,0.9985,0.938167,0.368568,0.372645,0.9678,0.603002,0.842899,-0.111307,0.9969,0.945325,0.423022,0.34802,0.9603
virabhadrasana_tf_0084,0.390219,0.380596,-0.166201,0.9995,0.379713,0.367429,-0.189782,0.9996,0.38098,0.364793,-0.188897,0.9997,0.382208,0.362233,-0.188563,0.9997,0.378419,0.368324,-0.155021,0.9995,0.378693,0.36675,-0.155674,0.9995,0.378822,0.364704,-0.155509,0.9995,0.396587,0.343172,-0.244584,0.9997,0.390236,0.345218,-0.10593,0.9996,0.406666,0.379382,-0.182234,0.9995,0.405376,0.381197,-0.14081,0.9993,0.473678,0.348745,-0.284207,0.9994,0.448295,0.347455,-0.019777,0.9989,0.345429,0.321069,-0.428678,0.9948,0.326379,0.330206,0.053594,0.3307,0.243416,0.290087,-0.476752,0.9768,0.240232,0.299891,-0.044692,0.6162,0.212406,0.278845,-0.529035,0.9703,0.216723,0.281887,-0.054025,0.7366,0.212647,0.276956,-0.508696,0.9645,0.208635,0.280983,-0.085512,0.7293,0.222967,0.279641,-0.472626,0.9435,0.216702,0.288277,-0.062778,0.7197,0.69293,0.423618,-0.093039,0.9999,0.679883,0.407814,0.094474,0.9999,0.673397,0.620557,-0.053112,0.9977,0.805222,0.392239,0.258011,0.9741,0.674618,0.808185,-0.030714,0.9988,0.924441,0.372215,0.391586,0.9672,0.685672,0.837771,-0.032852,0.9981,0.943696,0.36108,0.402407,0.9605,0.600291,0.843348,-0.103637,0.9967,0.947568,0.407871,0.371985,0.9562
virabhadrasana_tf_0085,0.388693,0.382817,-0.182385,0.9991,0.376292,0.36919,-0.204467,0.9993,0.377159,0.366562,-0.20359,0.9994,0.378051,0.363942,-0.203199,0.9994,0.375383,0.37046,-0.171614,0.9992,0.3755,0.36885,-0.172224,0.9992,0.375472,0.367079,-0.172104,0.9992,0.391954,0.343859,-0.251137,0.9994,0.386621,0.349291,-0.119886,0.9993,0.405228,0.379606,-0.195092,0.999,0.403654,0.381724,-0.156027,0.9988,0.463674,0.347553,-0.290266,0.9988,0.439319,0.348177,-0.032616,0.9984,0.326319,0.319434,-0.440826,0.9946,0.311211,0.332006,0.035528,0.4022,0.212278,0.287296,-0.496349,0.9768,0.186825,0.311504,-0.064568,0.6728,0.172788,0.286972,-0.549341,0.9699,0.164945,0.302698,-0.076941,0.7753,0.178607,0.278866,-0.529163,0.9646,0.155149,0.30046,-0.106714,0.7689,0.182066,0.282748,-0.493147,0.9458,0.17309,0.29859,-0.083003,0.7633,0.691071,0.42555,-0.092242,0.9996,0.681975,0.405362,0.093687,0.9994,0.669693,0.622267,-0.05361,0.9959,0.814521,0.386237,0.225518,0.9775,0.676728,0.811458,-0.019552,0.9954,0.935854,0.350622,0.345255,0.9622,0.690051,0.837032,-0.021253,0.9951,0.9453,0.346076,0.35488,0.9581,0.599683,0.844028,-0.091152,0.9911,0.957309,0.381026,0.318725,0.9448
virabhadrasana_tf_0086,0.390318,0.389544,-0.155562,0.9988,0.377873,0.375929,-0.177946,0.999,0.378492,0.373429,-0.177055,0.9992,0.3791,0.370518,-0.176687,0.9992,0.377375,0.376733,-0.145064,0.9989,0.377575,0.374942,-0.145616,0.999,0.377604,0.372979,-0.145544,0.999,0.391184,0.350706,-0.224819,0.9992,0.387725,0.354551,-0.093413,0.9992,0.406386,0.386398,-0.167817,0.9986,0.405325,0.387973,-0.128752,0.9984,0.458781,0.354732,-0.2701,0.9985,0.43932,0.353224,-0.003287,0.998,0.3296,0.313842,-0.411808,0.9947,0.312961,0.334473,0.061652,0.3571,0.218555,0.277284,-0.447246,0.9774,0.198199,0.313948,-0.047273,0.6461,0.192459,0.275291,-0.497163,0.9688,0.180611,0.297569,-0.060918,0.7517,0.193687,0.26994,-0.476542,0.9628,0.170472,0.295489,-0.08697,0.7433,0.195128,0.274621,-0.443287,0.9454,0.187483,0.295146,-0.064427,0.7457,0.690153,0.425052,-0.093628,0.9995,0.681426,0.401297,0.095061,0.9993,0.670714,0.622634,-0.058744,0.9973,0.813875,0.376923,0.194313,0.9845,0.674146,0.81072,-0.026337,0.996,0.929358,0.349318,0.284517,0.9777,0.691407,0.83771,-0.028578,0.9959,0.950018,0.336857,0.290643,0.976,0.598536,0.848323,-0.09676,0.9923,0.956648,0.37484,0.253848,0.9625
virabhadrasana_tf_0087,0.387217,0.38937,-0.140922,0.9985,0.376203,0.374246,-0.163123,0.9987,0.376535,0.371572,-0.162196,0.9989,0.376809,0.368592,-0.16193,0.999,0.375662,0.375446,-0.128326,0.9987,0.375528,0.373703,-0.128921,0.9988,0.375171,0.371825,-0.128874,0.9989,0.387411,0.349214,-0.212288,0.999,0.383868,0.354478,-0.074581,0.999,0.400535,0.385628,-0.154788,0.9982,0.399707,0.38816,-0.113734,0.9979,0.455884,0.350304,-0.256605,0.9985,0.434609,0.354483,0.009489,0.998,0.320507,0.311098,-0.400505,0.9927,0.312096,0.32905,0.06993,0.2908,0.219733,0.266503,-0.436153,0.9721,0.18813,0.308198,-0.036204,0.6498,0.18994,0.260471,-0.481934,0.9659,0.165218,0.305826,-0.048412,0.7622,0.187627,0.260346,-0.461205,0.9595,0.153311,0.302706,-0.076672,0.7554,0.191061,0.261277,-0.431537,0.9392,0.162537,0.300427,-0.054196,0.7552,0.690357,0.433043,-0.093813,0.9997,0.683283,0.417443,0.095201,0.9995,0.671277,0.628784,-0.076599,0.9956,0.819116,0.391616,0.246804,0.9659,0.680947,0.813096,-0.052864,0.9965,0.932894,0.372123,0.376244,0.957,0.694429,0.838431,-0.055339,0.996,0.948769,0.367809,0.386375,0.9601,0.609004,0.844752,-0.128255,0.9917,0.961402,0.427377,0.35045,0.9378
virabhadrasana_tf_0088,0.380033,0.393276,-0.139177,0.9991,0.36867,0.378275,-0.162342,0.9992,0.369378,0.375926,-0.161485,0.9993,0.370104,0.373424,-0.161167,0.9994,0.368305,0.378562,-0.12774,0.999,0.3687,0.376542,-0.128395,0.9991,0.368976,0.374284,-0.128276,0.9991,0.385834,0.353842,-0.220473,0.9994,0.382603,0.355943,-0.081632,0.9991,0.394953,0.392115,-0.156333,0.9991,0.394553,0.392965,-0.114822,0.9987,0.45329,0.363004,-0.266758,0.999,0.436435,0.356006,-0.00045,0.9978,0.31885,0.320655,-0.40287,0.9948,0.318533,0.335725,0.06163,0.3038,0.20014,0.277925,-0.441545,0.978,0.202214,0.301473,-0.044638,0.5937,0.171519,0.280201,-0.49256,0.9725,0.179327,0.289938,-0.053967,0.7274,0.175786,0.269789,-0.471874,0.9664,0.171913,0.286299,-0.082731,0.7182,0.182784,0.269179,-0.437032,0.9487,0.18703,0.285998,-0.061629,0.7164,0.685152,0.434036,-0.09254,0.9998,0.687701,0.409341,0.093819,0.9996,0.665544,0.627391,-0.044953,0.9963,0.815465,0.397166,0.235374,0.9686,0.676774,0.810757,0.004602,0.9975,0.925194,0.387275,0.363698,0.9607,0.690552,0.83625,0.004731,0.9964,0.942009,0.374473,0.373536,0.9611,0.603409,0.846939,-0.057304,0.9938,0.958074,0.435653,0.343719,0.9459
virabhadrasana_tf_0089,0.384728,0.394283,-0.100766,0.9994,0.372621,0.381121,-0.122035,0.9995,0.372939,0.378816,-0.121162,0.9996,0.373225,0.376196,-0.120956,0.9997,0.372449,0.38157,-0.088569,0.9995,0.372562,0.379718,-0.089171,0.9995,0.372503,0.377794,-0.08907,0.9995,0.384689,0.358056,-0.172735,0.9996,0.381887,0.36131,-0.038882,0.9995,0.399272,0.39233,-0.115221,0.9992,0.398585,0.393576,-0.074869,0.9988,0.450258,0.363073,-0.225365,0.9992,0.434356,0.364166,0.048402,0.9971,0.327649,0.321533,-0.352847,0.9949,0.321222,0.346192,0.114768,0.2913,0.222314,0.274746,-0.379139,0.9782,0.214888,0.316092,0.00255,0.6028,0.201113,0.272212,-0.425075,0.9704,0.207111,0.298537,-0.001069,0.7297,0.200437,0.270098,-0.401567,0.9632,0.194502,0.296867,-0.030031,0.722,0.204035,0.271865,-0.37235,0.9453,0.197871,0.303049,-0.01336,0.7249,0.685041,0.435798,-0.09613,0.9999,0.681185,0.416948,0.097514,0.9997,0.668788,0.627621,-0.069875,0.9973,0.78389,0.40924,0.217575,0.9625,0.678802,0.814416,-0.037737,0.9985,0.917763,0.391929,0.318588,0.9697,0.694517,0.839586,-0.039322,0.9982,0.936882,0.380494,0.325793,0.9744,0.603207,0.851202,-0.097962,0.9965,0.959522,0.439038,0.301917,0.9611
virabhadrasana_tf_0090,0.382154,0.39789,-0.144959,0.9994,0.37015,0.384971,-0.166617,0.9995,0.370551,0.382756,-0.165713,0.9996,0.370834,0.380494,-0.165407,0.9996,0.369935,0.385467,-0.133378,0.9995,0.370145,0.383693,-0.133989,0.9995,0.370147,0.381817,-0.133819,0.9995,0.38279,0.362736,-0.217935,0.9996,0.379792,0.365196,-0.084606,0.9995,0.396857,0.396158,-0.159403,0.9993,0.396257,0.397353,-0.119432,0.9991,0.449878,0.367155,-0.263533,0.9992,0.431363,0.366176,0.002126,0.9977,0.320742,0.326876,-0.38042,0.9956,0.311047,0.343148,0.064323,0.3406,0.206481,0.282882,-0.403874,0.9811,0.199374,0.317639,-0.044128,0.6591,0.178704,0.284047,-0.452522,0.9739,0.178068,0.30313,-0.052409,0.7726,0.18199,0.274814,-0.430876,0.9682,0.170053,0.300092,-0.080424,0.7638,0.188923,0.275177,-0.39853,0.9526,0.183583,0.304204,-0.060304,0.7619,0.685686,0.438021,-0.095407,0.9999,0.680411,0.418035,0.096776,0.9998,0.670852,0.629317,-0.049497,0.9972,0.794116,0.40957,0.229602,0.9718,0.676536,0.815701,-0.001307,0.9986,0.92644,0.389856,0.349168,0.9791,0.692535,0.839332,-0.001145,0.9981,0.940832,0.375498,0.357897,0.9804,0.604562,0.853401,-0.061886,0.9967,0.959067,0.444036,0.331447,0.972
virabhadrasana_tf_0091,0.377046,0.399747,-0.135256,0.9991,0.366415,0.386895,-0.157098,0.9992,0.367337,0.384577,-0.156161,0.9994,0.368179,0.382062,-0.155888,0.9994,0.365667,0.387566,-0.122286,0.9992,0.36603,0.385837,-0.122932,0.9992,0.366188,0.383957,-0.122731,0.9993,0.380855,0.363276,-0.208763,0.9994,0.376149,0.366712,-0.069633,0.9993,0.393156,0.399119,-0.150012,0.9989,0.3925,0.400573,-0.108394,0.9987,0.45464,0.364502,-0.251939,0.9988,0.434005,0.368279,0.016444,0.9977,0.326552,0.323358,-0.378642,0.9943,0.315064,0.340795,0.087268,0.3555,0.221138,0.284167,-0.408167,0.977,0.211688,0.308855,-0.012823,0.7271,0.195431,0.276157,-0.454441,0.9701,0.194529,0.288832,-0.020711,0.8189,0.188798,0.273405,-0.433459,0.9641,0.18609,0.286912,-0.04909,0.8127,0.202861,0.273716,-0.403002,0.9474,0.190478,0.295328,-0.02864,0.8057,0.684276,0.443687,-0.096983,0.9998,0.678997,0.426515,0.098322,0.9998,0.66805,0.635633,-0.057141,0.9966,0.804642,0.412142,0.233922,0.9756,0.667654,0.818038,-0.01874,0.9985,0.934641,0.388507,0.358107,0.9765,0.678131,0.844325,-0.01969,0.9977,0.958771,0.374654,0.368054,0.9769,0.595401,0.848201,-0.080248,0.996,0.95928,0.451044,0.344458,0.9673
virabhadrasana_tf_0092,0.381217,0.401382,-0.168734,0.9992,0.370337,0.388828,-0.189704,0.9994,0.371134,0.386456,-0.188783,0.9995,0.371991,0.383975,-0.188434,0.9995,0.369742,0.389439,-0.156682,0.9993,0.369953,0.387715,-0.157284,0.9993,0.370075,0.385833,-0.157092,0.9994,0.386719,0.366186,-0.234684,0.9994,0.381462,0.370195,-0.103216,0.9994,0.39636,0.40047,-0.180834,0.999,0.39506,0.40153,-0.141478,0.9988,0.460629,0.37617,-0.276554,0.9988,0.436112,0.375183,-0.012802,0.9979,0.343157,0.331325,-0.40782,0.9937,0.325747,0.351665,0.057292,0.3845,0.232702,0.276498,-0.456473,0.9778,0.20831,0.315053,-0.041572,0.7306,0.205061,0.272661,-0.506199,0.9718,0.185385,0.302485,-0.050708,0.8195,0.204278,0.269729,-0.487257,0.9662,0.176741,0.299568,-0.078213,0.8127,0.208637,0.272116,-0.452912,0.9497,0.193104,0.299233,-0.057092,0.806,0.683704,0.446543,-0.094729,0.9998,0.680493,0.422404,0.096087,0.9998,0.667005,0.636843,-0.052838,0.9963,0.806914,0.407506,0.223788,0.9776,0.673442,0.818678,-0.010898,0.9982,0.935764,0.397677,0.334362,0.9794,0.68861,0.844192,-0.011309,0.9978,0.959134,0.386314,0.342926,0.9803,0.598079,0.851856,-0.070245,0.9956,0.96542,0.458998,0.318967,0.9695
virabhadrasana_tf_0093,0.377116,0.405496,-0.156458,0.9994,0.366983,0.392986,-0.178673,0.9995,0.367986,0.390729,-0.177742,0.9996,0.368907,0.388327,-0.177418,0.9996,0.365582,0.39418,-0.144574,0.9995,0.365651,0.392813,-0.145152,0.9995,0.365598,0.391212,-0.144998,0.9995,0.381804,0.370087,-0.22697,0.9996,0.376128,0.374221,-0.091292,0.9995,0.392642,0.403831,-0.169645,0.9992,0.391355,0.405774,-0.129036,0.999,0.455081,0.373284,-0.271027,0.9991,0.432574,0.374533,0.000777,0.9982,0.33384,0.337337,-0.40547,0.9945,0.315687,0.351328,0.072018,0.3368,0.230579,0.28789,-0.448323,0.9805,0.210034,0.316301,-0.027167,0.6929,0.198534,0.285605,-0.498023,0.9747,0.185501,0.308107,-0.036344,0.7945,0.202936,0.277411,-0.478204,0.9698,0.177416,0.30436,-0.065275,0.7868,0.208981,0.283833,-0.444407,0.9548,0.194878,0.303996,-0.043642,0.7826,0.684021,0.448464,-0.096208,0.9999,0.675741,0.428766,0.097628,0.9998,0.66563,0.638806,-0.062265,0.9957,0.801155,0.412201,0.230355,0.9739,0.668656,0.824254,-0.031579,0.9982,0.934461,0.397975,0.340751,0.976,0.68104,0.849424,-0.033127,0.998,0.95715,0.387386,0.349153,0.9783,0.595402,0.857219,-0.093409,0.9957,0.966008,0.458858,0.324667,0.9661
virabhadrasana_tf_0094,0.377737,0.412127,-0.117545,0.9992,0.364347,0.398627,-0.138631,0.9994,0.36517,0.395457,-0.137702,0.9995,0.366071,0.391831,-0.137517,0.9996,0.363448,0.400954,-0.104734,0.9993,0.363584,0.399658,-0.105397,0.9993,0.363618,0.397963,-0.105198,0.9993,0.379282,0.37101,-0.182639,0.9996,0.374095,0.378029,-0.048857,0.9994,0.39497,0.409796,-0.129166,0.9989,0.393723,0.413086,-0.089212,0.9985,0.453695,0.378183,-0.227841,0.999,0.435808,0.384401,0.039392,0.9957,0.342593,0.336451,-0.367055,0.9924,0.325656,0.354782,0.11941,0.1045,0.244053,0.283853,-0.404406,0.9636,0.233436,0.314066,0.044328,0.3108,0.223348,0.268153,-0.450047,0.95,0.218227,0.299795,0.040433,0.4694,0.221987,0.265793,-0.431129,0.9414,0.220129,0.298734,0.014628,0.4593,0.22703,0.271383,-0.40086,0.9178,0.223738,0.301235,0.030504,0.4634,0.682888,0.456008,-0.096908,0.9999,0.678427,0.434955,0.098301,0.9998,0.6622,0.637737,-0.045756,0.9969,0.799226,0.420361,0.219667,0.969,0.672649,0.821316,-0.004181,0.9986,0.933264,0.398593,0.325219,0.9802,0.688367,0.846353,-0.003871,0.9983,0.956905,0.394824,0.33368,0.9833,0.597577,0.861544,-0.054899,0.9963,0.964669,0.465733,0.31249,0.9731
virabhadrasana_tf_0095,0.377475,0.418499,-0.089757,0.999,0.364933,0.406144,-0.111684,0.9993,0.365669,0.403556,-0.110765,0.9994,0.366335,0.400509,-0.110584,0.9995,0.364233,0.407717,-0.077621,0.9992,0.364515,0.406362,-0.078279,0.9992,0.364549,0.404764,-0.078131,0.9991,0.377806,0.381581,-0.159688,0.9996,0.373043,0.387478,-0.024162,0.9992,0.392622,0.41568,-0.10268,0.9989,0.391979,0.417572,-0.0622,0.9984,0.447809,0.379778,-0.206749,0.9991,0.434018,0.384462,0.062794,0.9966,0.328708,0.340471,-0.350075,0.9923,0.317408,0.358132,0.146533,0.1215,0.230522,0.29668,-0.386672,0.9685,0.224573,0.326315,0.06573,0.3849,0.212154,0.285838,-0.432198,0.9573,0.213003,0.308212,0.064737,0.5512,0.211608,0.282172,-0.410166,0.9487,0.213643,0.305609,0.037021,0.5416,0.213822,0.286683,-0.381677,0.9257,0.211753,0.316409,0.051442,0.5497,0.677192,0.458991,-0.093675,0.9999,0.676914,0.433727,0.094969,0.9998,0.660979,0.638781,-0.046062,0.9971,0.805249,0.417381,0.204135,0.973,0.671366,0.824552,-0.004087,0.9986,0.930928,0.40568,0.302381,0.9792,0.686215,0.850083,-0.004244,0.9982,0.95884,0.395355,0.310568,0.9814,0.594479,0.860308,-0.059132,0.9964,0.96452,0.463125,0.283234,0.9711
virabhadrasana_tf_0096,0.374435,0.423156,-0.09084,0.9992,0.360788,0.411227,-0.111005,0.9994,0.361488,0.408153,-0.110022,0.9995,0.362097,0.404716,-0.109886,0.9995,0.359714,0.413578,-0.076951,0.9994,0.359702,0.412332,-0.077688,0.9994,0.359436,0.41072,-0.07745,0.9993,0.372891,0.38391,-0.151112,0.9996,0.368099,0.391306,-0.017456,0.9994,0.389946,0.419249,-0.101396,0.9988,0.388637,0.422647,-0.061523,0.9985,0.446142,0.381176,-0.19705,0.9989,0.432075,0.392322,0.067364,0.9958,0.332355,0.337028,-0.345327,0.99,0.318842,0.361875,0.157386,0.0991,0.24239,0.295248,-0.380941,0.9561,0.230469,0.331749,0.099372,0.3604,0.220863,0.277692,-0.422289,0.9376,0.219768,0.311404,0.100055,0.5138,0.218318,0.277554,-0.403445,0.9275,0.222068,0.312013,0.07593,0.503,0.225016,0.28378,-0.377187,0.9023,0.220091,0.324124,0.087262,0.5125,0.677686,0.457662,-0.093455,0.9999,0.672383,0.439501,0.094737,0.9998,0.659016,0.64322,-0.050628,0.9967,0.800905,0.419662,0.214103,0.9715,0.665382,0.832247,-0.017822,0.9985,0.923508,0.407844,0.320339,0.9801,0.680032,0.855792,-0.018461,0.998,0.948075,0.40803,0.329699,0.9819,0.587262,0.867808,-0.069985,0.9957,0.957976,0.460756,0.30606,0.9706
virabhadrasana_tf_0097,0.367892,0.426473,-0.105125,0.9992,0.355271,0.415536,-0.128259,0.9994,0.35584,0.412876,-0.127349,0.9995,0.356389,0.410032,-0.127066,0.9995,0.354707,0.416532,-0.094169,0.9993,0.354768,0.414839,-0.09478,0.9993,0.35471,0.412952,-0.094687,0.9993,0.367288,0.389751,-0.17887,0.9995,0.363596,0.394531,-0.042746,0.9993,0.383181,0.42236,-0.118946,0.999,0.382368,0.4239,-0.078047,0.9987,0.436114,0.384939,-0.223234,0.999,0.42459,0.38516,0.044435,0.9974,0.314177,0.345257,-0.363655,0.9934,0.300313,0.376462,0.121044,0.2365,0.214566,0.310032,-0.400981,0.9709,0.17871,0.36166,0.028885,0.5823,0.182841,0.294659,-0.445762,0.9615,0.151123,0.350225,0.025535,0.708,0.183035,0.293062,-0.424318,0.9532,0.136977,0.348243,-0.002651,0.6993,0.196229,0.298601,-0.395789,0.9318,0.17615,0.35043,0.013504,0.7028,0.671477,0.463127,-0.093056,0.9999,0.669974,0.436657,0.094312,0.9998,0.655445,0.647927,-0.058157,0.9958,0.801938,0.419204,0.208482,0.9729,0.665608,0.837383,-0.024121,0.9981,0.932142,0.404596,0.308163,0.9769,0.681899,0.859351,-0.025566,0.9976,0.956895,0.399512,0.316205,0.9804,0.587892,0.873573,-0.084115,0.995,0.961076,0.466912,0.288687,0.9659
virabhadrasana_tf_0098,0.364205,0.433101,-0.12627,0.9991,0.351276,0.421818,-0.149788,0.9994,0.351705,0.419166,-0.148824,0.9995,0.35209,0.416193,-0.148603,0.9995,0.350665,0.423395,-0.115259,0.9993,0.350698,0.422066,-0.115911,0.9993,0.350626,0.42044,-0.115764,0.9993,0.363197,0.395615,-0.198154,0.9995,0.359205,0.40315,-0.060885,0.9994,0.379448,0.428385,-0.139192,0.999,0.378764,0.430938,-0.098099,0.9987,0.436473,0.38359,-0.239296,0.9988,0.418665,0.398591,0.025431,0.997,0.318411,0.338015,-0.388722,0.9935,0.297415,0.38562,0.107445,0.2298,0.219861,0.293139,-0.433059,0.9651,0.178207,0.364978,0.029962,0.5562,0.190107,0.28147,-0.477365,0.9519,0.150478,0.354005,0.025813,0.6908,0.188758,0.282678,-0.45937,0.943,0.135151,0.35205,0.00018,0.68,0.197665,0.289593,-0.429588,0.922,0.161479,0.349386,0.015952,0.6836,0.669955,0.46374,-0.094456,0.9998,0.661687,0.446042,0.095655,0.9998,0.654399,0.651433,-0.062204,0.9959,0.801635,0.427515,0.208777,0.9748,0.661649,0.841495,-0.029736,0.998,0.928896,0.414295,0.309951,0.9777,0.679079,0.864185,-0.031414,0.9977,0.956656,0.402616,0.317783,0.9805,0.582371,0.885809,-0.08791,0.9945,0.963565,0.4723,0.28811,0.966
virabhadrasana_tf_0099,0.36386,0.434517,-0.103292,0.9996,0.350836,0.422619,-0.127348,0.9997,0.351228,0.420089,-0.126436,0.9997,0.351649,0.417365,-0.126214,0.9997,0.350537,0.423926,-0.092919,0.9997,0.350621,0.422463,-0.093609,0.9997,0.350597,0.42078,-0.093492,0.9997,0.364084,0.398294,-0.18075,0.9997,0.36092,0.405162,-0.043096,0.9997,0.378071,0.430488,-0.118494,0.9995,0.377568,0.432656,-0.077055,0.9994,0.436533,0.384982,-0.226895,0.9994,0.418464,0.402806,0.042057,0.9983,0.31648,0.342838,-0.37872,0.9949,0.297792,0.386957,0.131146,0.3106,0.226212,0.284512,-0.436852,0.9728,0.175802,0.371618,0.060595,0.6591,0.206429,0.265097,-0.481205,0.9614,0.14693,0.364414,0.058633,0.7582,0.205052,0.266833,-0.463134,0.9542,0.145967,0.359384,0.035024,0.7494,0.208752,0.27553,-0.432937,0.937,0.158609,0.357916,0.048231,0.7508,0.669109,0.4659,-0.093897,0.9999,0.665092,0.449155,0.095067,0.9998,0.65072,0.654085,-0.064553,0.9941,0.800974,0.425349,0.221198,0.9609,0.660022,0.841551,-0.021224,0.9971,0.918016,0.416688,0.334005,0.968,0.678888,0.864771,-0.021302,0.9972,0.942067,0.409292,0.343029,0.9763,0.586315,0.884182,-0.077104,0.9933,0.957029,0.472062,0.315211,0.9586
virabhadrasana_tf_0100,0.352627,0.430796,-0.150414,1.0,0.342456,0.41849,-0.170825,1.0,0.343733,0.416114,-0.169868,1.0,0.345469,0.413365,-0.1696,1.0,0.340697,0.419852,-0.137736,1.0,0.340513,0.418459,-0.138452,1.0,0.340595,0.416783,-0.138221,1.0,0.362622,0.394687,-0.212159,1.0,0.355214,0.401118,-0.077899,1.0,0.369118,0.428695,-0.162477,0.9999,0.367442,0.430574,-0.121275,0.9999,0.439437,0.390741,-0.261539,0.9997,0.415617,0.411576,0.016958,0.9994,0.337749,0.363921,-0.425813,0.996,0.29679,0.448228,0.091006,0.7787,0.235613,0.322387,-0.51408,0.982,0.181226,0.479581,0.034549,0.8922,0.216465,0.309354,-0.563006,0.9709,0.153302,0.486723,0.042204,0.9021,0.213972,0.300679,-0.544967,0.9652,0.148543,0.482061,0.011775,0.899,0.213975,0.316385,-0.511701,0.9557,0.158628,0.478186,0.019764,0.9012,0.671136,0.469558,-0.09363,0.9999,0.667773,0.449939,0.094614,0.9999,0.653753,0.657597,-0.07153,0.9964,0.796615,0.425732,0.238696,0.9785,0.661976,0.84115,-0.021074,0.9977,0.926629,0.418554,0.370714,0.9783,0.677564,0.865304,-0.020241,0.9971,0.948358,0.406745,0.381484,0.978,0.583899,0.883532,-0.077516,0.9954,0.958356,0.473071,0.350177,0.9736
virabhadrasana_tf_0101,0.353204,0.430616,-0.171876,1.0,0.344348,0.417402,-0.191907,1.0,0.346066,0.414624,-0.190888,1.0,0.34824,0.41151,-0.190548,1.0,0.342419,0.419711,-0.158553,1.0,0.342489,0.418764,-0.159289,1.0,0.342688,0.417542,-0.159008,1.0,0.367039,0.394187,-0.230042,1.0,0.357833,0.403291,-0.096167,1.0,0.369678,0.429437,-0.182971,1.0,0.367358,0.432295,-0.141882,0.9999,0.443678,0.39318,-0.278025,0.9998,0.416574,0.419749,0.000553,0.9995,0.324489,0.37248,-0.44947,0.9966,0.299837,0.452338,0.076126,0.8037,0.241353,0.315318,-0.546628,0.9863,0.177778,0.482592,0.02194,0.916,0.215747,0.29756,-0.596714,0.9774,0.150097,0.489236,0.026445,0.9207,0.212241,0.290439,-0.580902,0.9734,0.143685,0.484369,-0.001102,0.9184,0.218575,0.302911,-0.545348,0.9657,0.153391,0.48444,0.007865,0.9201,0.668782,0.474795,-0.095621,1.0,0.664053,0.458307,0.096607,0.9999,0.647688,0.664557,-0.079597,0.9966,0.792875,0.434957,0.253724,0.9825,0.651441,0.845436,-0.038545,0.9983,0.918444,0.422431,0.389596,0.9836,0.659833,0.871324,-0.038534,0.9978,0.939985,0.407743,0.400774,0.9821,0.574283,0.88204,-0.096559,0.9963,0.959085,0.478693,0.374666,0.9779
virabhadrasana_tf_0102,0.357121,0.437525,-0.099007,0.9989,0.344517,0.425331,-0.119656,0.9992,0.344984,0.423057,-0.118818,0.9994,0.345431,0.420666,-0.118598,0.9994,0.344234,0.426147,-0.08646,0.9991,0.344427,0.424554,-0.087076,0.9991,0.344499,0.422852,-0.086947,0.9991,0.357553,0.402443,-0.170213,0.9994,0.355309,0.407555,-0.036274,0.9991,0.371546,0.434663,-0.113733,0.9986,0.370963,0.43594,-0.073407,0.9982,0.430535,0.393877,-0.227287,0.9984,0.41638,0.403155,0.055342,0.9935,0.306681,0.367628,-0.357472,0.9927,0.307615,0.383734,0.115676,0.1512,0.199303,0.32525,-0.377078,0.9637,0.197197,0.356837,0.002453,0.3977,0.177185,0.314899,-0.420505,0.9522,0.177028,0.351382,-0.003983,0.5618,0.176487,0.312206,-0.397324,0.9419,0.176419,0.338626,-0.03243,0.5523,0.180314,0.317173,-0.370106,0.9208,0.178515,0.348082,-0.013924,0.5623,0.658581,0.478003,-0.099256,0.9997,0.659415,0.460816,0.100616,0.9994,0.637434,0.665174,-0.063973,0.9956,0.793444,0.446218,0.213985,0.9703,0.652862,0.846261,-0.023634,0.9982,0.917136,0.426329,0.319254,0.976,0.668374,0.86933,-0.02427,0.9977,0.945617,0.408222,0.327512,0.98,0.574297,0.884282,-0.08086,0.9955,0.958,0.486678,0.304922,0.9679
virabhadrasana_tf_0103,0.354256,0.437084,-0.124361,0.9991,0.343177,0.424148,-0.144837,0.9994,0.343924,0.421887,-0.143939,0.9995,0.344674,0.419564,-0.14371,0.9995,0.342768,0.425331,-0.112148,0.9993,0.343177,0.42394,-0.112771,0.9993,0.34352,0.422513,-0.112635,0.9993,0.358701,0.401516,-0.192912,0.9995,0.356021,0.407504,-0.061159,0.9993,0.369166,0.435246,-0.138152,0.9989,0.36868,0.436798,-0.09852,0.9986,0.431779,0.389023,-0.247836,0.9986,0.416312,0.405181,0.032552,0.9956,0.300301,0.367653,-0.372186,0.9939,0.306447,0.389677,0.092679,0.2254,0.179525,0.333826,-0.385376,0.9705,0.189901,0.364103,-0.019892,0.5214,0.152596,0.329335,-0.427938,0.9609,0.162711,0.352692,-0.028036,0.6647,0.148457,0.329845,-0.40518,0.9529,0.164003,0.350562,-0.055152,0.6543,0.155405,0.331969,-0.378388,0.9339,0.171483,0.352395,-0.036215,0.6573,0.657902,0.48236,-0.0995,0.9998,0.65618,0.469206,0.100844,0.9995,0.635522,0.671169,-0.06633,0.9952,0.785688,0.458975,0.230144,0.9696,0.650401,0.850977,-0.020167,0.9982,0.92074,0.440409,0.350183,0.977,0.665668,0.872801,-0.020368,0.9976,0.944446,0.421902,0.359841,0.98,0.577852,0.889658,-0.078857,0.9957,0.960445,0.49756,0.336931,0.9696
virabhadrasana_tf_0104,0.350297,0.428447,-0.117287,0.9989,0.340411,0.415718,-0.136919,0.9992,0.341448,0.413605,-0.135981,0.9993,0.342539,0.411152,-0.135831,0.9993,0.339691,0.417107,-0.10437,0.9991,0.340163,0.416037,-0.104986,0.9992,0.340676,0.414721,-0.104859,0.9992,0.357888,0.393409,-0.18286,0.9993,0.354372,0.399704,-0.052031,0.9991,0.366325,0.427935,-0.130471,0.9984,0.365736,0.42983,-0.091115,0.9982,0.425497,0.383429,-0.242721,0.9983,0.412303,0.403052,0.04149,0.9956,0.293247,0.363256,-0.366638,0.9946,0.300578,0.386733,0.100532,0.2785,0.174954,0.325814,-0.377693,0.9761,0.185329,0.361232,-0.013696,0.6221,0.143929,0.321931,-0.419468,0.968,0.151593,0.355057,-0.020782,0.7446,0.140541,0.321924,-0.395319,0.961,0.146801,0.348199,-0.048013,0.7351,0.152168,0.323004,-0.3701,0.9457,0.161875,0.351347,-0.029898,0.7382,0.653902,0.485089,-0.100557,0.9997,0.65288,0.473628,0.101916,0.9994,0.632674,0.675876,-0.071992,0.9956,0.787988,0.47105,0.221871,0.97,0.645659,0.852764,-0.027984,0.9983,0.930671,0.453215,0.337858,0.9769,0.660968,0.876839,-0.02859,0.9978,0.951834,0.436712,0.346834,0.98,0.576017,0.886674,-0.090002,0.9959,0.964468,0.515152,0.31788,0.9689
virabhadrasana_tf_0105,0.352234,0.420097,-0.12822,0.9988,0.342997,0.407261,-0.145905,0.9992,0.344221,0.405081,-0.144976,0.9993,0.345543,0.402508,-0.144815,0.9994,0.342117,0.408932,-0.113778,0.9991,0.342638,0.408041,-0.114389,0.9991,0.343148,0.407022,-0.114298,0.9991,0.362232,0.386481,-0.190179,0.9993,0.357443,0.394109,-0.060665,0.9991,0.368538,0.419721,-0.141643,0.9986,0.367459,0.42204,-0.102685,0.9983,0.436014,0.384765,-0.253805,0.998,0.417469,0.399425,0.030725,0.9938,0.297292,0.366843,-0.377653,0.9937,0.3052,0.381934,0.077088,0.2379,0.174499,0.335173,-0.392234,0.9673,0.19082,0.354338,-0.046416,0.5138,0.149968,0.330173,-0.436972,0.9565,0.159905,0.347923,-0.053628,0.6655,0.146413,0.328812,-0.412819,0.9472,0.159434,0.341731,-0.08175,0.6526,0.153046,0.330416,-0.384985,0.9268,0.166262,0.346212,-0.063134,0.6587,0.655533,0.488094,-0.100979,0.9996,0.654707,0.477195,0.10239,0.9993,0.627523,0.678256,-0.071484,0.9952,0.786675,0.480761,0.220803,0.9624,0.636353,0.858499,-0.025058,0.9975,0.9306,0.470634,0.338793,0.9695,0.656205,0.881884,-0.02535,0.9965,0.954356,0.451872,0.347758,0.9724,0.570389,0.892886,-0.084951,0.9939,0.959976,0.530263,0.318101,0.9606
virabhadrasana_tf_0106,0.348346,0.416193,-0.108621,0.999,0.340253,0.402295,-0.125783,0.9993,0.34181,0.399852,-0.124892,0.9994,0.343607,0.396927,-0.124761,0.9995,0.339163,0.40405,-0.093351,0.9993,0.339799,0.403104,-0.093949,0.9993,0.340502,0.401951,-0.093882,0.9993,0.363316,0.380607,-0.168371,0.9994,0.357483,0.388412,-0.036,0.9992,0.366268,0.416519,-0.121607,0.9986,0.36508,0.419032,-0.081869,0.9976,0.434683,0.383331,-0.233108,0.9978,0.417567,0.398643,0.05588,0.9925,0.304921,0.362571,-0.353036,0.9945,0.309154,0.380683,0.10462,0.2266,0.178913,0.32384,-0.366774,0.9722,0.200067,0.354994,-0.020525,0.5203,0.151098,0.314109,-0.412304,0.96,0.170767,0.345847,-0.025891,0.6696,0.14908,0.3136,-0.386972,0.9514,0.161756,0.342034,-0.055099,0.6583,0.157801,0.318218,-0.359184,0.9335,0.168644,0.344737,-0.037627,0.6648,0.654668,0.490957,-0.102458,0.9996,0.653573,0.481732,0.103901,0.9993,0.623304,0.680225,-0.06781,0.9959,0.784377,0.494308,0.205007,0.9618,0.633773,0.860043,-0.02259,0.9976,0.930433,0.495308,0.304415,0.9716,0.654207,0.884548,-0.023132,0.9972,0.956416,0.477316,0.310927,0.9753,0.562834,0.891077,-0.084255,0.9949,0.966218,0.556891,0.272926,0.9658
virabhadrasana_tf_0107,0.351369,0.415873,-0.097094,0.9982,0.34271,0.401625,-0.11346,0.9988,0.344315,0.398981,-0.112501,0.9989,0.345899,0.396214,-0.11249,0.9989,0.340694,0.403927,-0.080905,0.9988,0.340876,0.403134,-0.08143,0.9988,0.340994,0.402172,-0.08141,0.9988,0.36154,0.37908,-0.148841,0.9988,0.35491,0.387309,-0.017616,0.9987,0.368511,0.41519,-0.10689,0.9973,0.366267,0.41858,-0.067725,0.9962,0.432986,0.379386,-0.214868,0.9964,0.41066,0.398237,0.071661,0.9913,0.298798,0.351428,-0.344421,0.9924,0.302057,0.375839,0.117473,0.1937,0.186727,0.31708,-0.349876,0.9674,0.191109,0.355918,-0.006351,0.544,0.156874,0.300921,-0.390114,0.9547,0.164975,0.347916,-0.015239,0.6788,0.155028,0.302602,-0.367539,0.9455,0.157705,0.343262,-0.040245,0.6704,0.164866,0.309244,-0.342941,0.9282,0.17214,0.3468,-0.022804,0.6837,0.650823,0.492294,-0.10149,0.9995,0.645998,0.488851,0.102933,0.9992,0.61674,0.684847,-0.075519,0.9955,0.785859,0.510134,0.197872,0.9677,0.637462,0.858257,-0.038214,0.9976,0.927334,0.509602,0.289398,0.9762,0.654706,0.888725,-0.040067,0.9973,0.954946,0.495317,0.295532,0.9788,0.558079,0.896688,-0.103557,0.9945,0.955264,0.57493,0.258267,0.9656
virabhadrasana_tf_0108,0.353826,0.408383,-0.076605,0.998,0.345683,0.393574,-0.095542,0.9987,0.347046,0.391151,-0.094705,0.9989,0.348527,0.388616,-0.094676,0.9989,0.344306,0.394725,-0.062896,0.9987,0.344542,0.393379,-0.063443,0.9988,0.344807,0.39197,-0.063449,0.9988,0.364702,0.371874,-0.139427,0.9987,0.359011,0.378823,-0.006859,0.9988,0.369678,0.408251,-0.08889,0.9975,0.368061,0.410309,-0.049261,0.9967,0.431112,0.370755,-0.2089,0.9976,0.415531,0.390775,0.083235,0.9944,0.30663,0.336809,-0.340645,0.9941,0.308763,0.367607,0.142901,0.2429,0.193953,0.289448,-0.357927,0.976,0.206532,0.342991,0.022752,0.5995,0.162866,0.275311,-0.398782,0.9672,0.181301,0.324066,0.016941,0.7252,0.158851,0.274763,-0.375184,0.96,0.174751,0.317136,-0.010279,0.7198,0.170183,0.280157,-0.350397,0.9451,0.183531,0.32094,0.006366,0.7291,0.649852,0.50228,-0.102402,0.9993,0.652662,0.492317,0.103896,0.9989,0.612537,0.68795,-0.074773,0.9951,0.786076,0.534478,0.191807,0.955,0.634163,0.867106,-0.030934,0.997,0.922913,0.538114,0.27687,0.9624,0.653832,0.892859,-0.031791,0.997,0.95273,0.519527,0.282399,0.9713,0.551722,0.893528,-0.092638,0.9937,0.953436,0.597367,0.247643,0.9523
virabhadrasana_tf_0109,0.357992,0.399029,-0.082296,0.9972,0.350087,0.385885,-0.100686,0.9983,0.351363,0.383546,-0.099804,0.9986,0.35265,0.381134,-0.099828,0.9986,0.349048,0.386971,-0.067676,0.9983,0.349554,0.385622,-0.068188,0.9984,0.350039,0.384181,-0.068252,0.9985,0.368102,0.364951,-0.143336,0.9984,0.363548,0.371739,-0.009458,0.9984,0.374153,0.398008,-0.094362,0.9963,0.372871,0.399896,-0.054479,0.9957,0.439168,0.367111,-0.215272,0.9968,0.421941,0.38846,0.081946,0.9928,0.306514,0.321615,-0.343213,0.9948,0.306538,0.352385,0.142019,0.1973,0.187742,0.271702,-0.348313,0.9749,0.195259,0.312458,0.020524,0.5618,0.162317,0.262545,-0.388114,0.9643,0.173027,0.297101,0.01371,0.6953,0.159954,0.263006,-0.364498,0.9567,0.163218,0.290828,-0.01268,0.6898,0.165177,0.265821,-0.340398,0.9401,0.176775,0.297634,0.003978,0.7049,0.647767,0.503291,-0.102472,0.9995,0.643749,0.501091,0.104063,0.9992,0.610476,0.693248,-0.079575,0.9965,0.788108,0.545084,0.192967,0.9547,0.629161,0.868776,-0.050925,0.9983,0.922241,0.564301,0.277004,0.9676,0.648458,0.894858,-0.05383,0.9982,0.948418,0.555249,0.281846,0.9729,0.548243,0.903536,-0.123933,0.9961,0.94773,0.622976,0.239753,0.9583
virabhadrasana_tf_0110,0.582425,0.393632,-0.654152,0.9994,0.602178,0.374777,-0.65208,0.9995,0.60642,0.373889,-0.650645,0.9993,0.611604,0.372984,-0.64982,0.9989,0.577948,0.372065,-0.666786,0.9998,0.567233,0.368307,-0.667889,0.9998,0.557413,0.363642,-0.66723,0.9998,0.608638,0.361829,-0.522359,0.9983,0.53693,0.339039,-0.597117,0.9999,0.584766,0.403802,-0.600333,0.9851,0.55918,0.401599,-0.626875,0.9964,0.599518,0.38623,-0.381681,0.9952,0.459081,0.351835,-0.451599,0.9993,0.586163,0.430843,-0.25892,0.6458,0.35673,0.301358,-0.409429,0.9849,0.579495,0.462343,-0.160526,0.5741,0.451287,0.273032,-0.330885,0.9698,0.590313,0.466734,-0.167934,0.4544,0.469507,0.262623,-0.342368,0.8801,0.574186,0.46865,-0.170144,0.4914,0.479984,0.271613,-0.319866,0.8604,0.565134,0.466702,-0.162321,0.5279,0.474139,0.278664,-0.322492,0.8504,0.513235,0.504972,0.030682,0.9986,0.430666,0.474781,-0.028482,0.9994,0.489375,0.530613,0.420463,0.3199,0.383792,0.491314,0.355327,0.4474,0.471388,0.530821,0.806928,0.4224,0.373638,0.486492,0.761386,0.2962,0.46049,0.526208,0.846576,0.2909,0.369283,0.480955,0.805107,0.2124,0.46887,0.564042,0.807962,0.7366,0.361343,0.522167,0.781165,0.5462
virabhadrasana_tf_0111,0.566995,0.399616,-0.587504,0.9998,0.584733,0.384192,-0.582473,0.9998,0.590318,0.383248,-0.581886,0.9996,0.597353,0.381701,-0.580309,0.9994,0.565091,0.379051,-0.594672,0.9999,0.555817,0.373329,-0.596234,0.9999,0.548454,0.367031,-0.594088,0.9999,0.601254,0.366698,-0.439901,0.9991,0.531007,0.34331,-0.514764,1.0,0.574262,0.407154,-0.533558,0.9992,0.54749,0.402905,-0.557364,0.9994,0.610493,0.376701,-0.249518,0.9988,0.459167,0.351887,-0.364443,0.998,0.65305,0.356483,-0.104165,0.4649,0.361468,0.303635,-0.297849,0.9738,0.634617,0.328407,0.025916,0.5535,0.451303,0.266933,-0.210234,0.9617,0.630539,0.32054,0.052118,0.4429,0.47186,0.263117,-0.197223,0.8319,0.625021,0.323392,0.057776,0.4752,0.480082,0.267604,-0.19867,0.8277,0.623796,0.327408,0.03312,0.4744,0.475177,0.270708,-0.2109,0.829,0.528925,0.508236,0.013071,0.9999,0.437058,0.471622,-0.011686,0.9942,0.527845,0.687167,-0.000178,0.9227,0.379198,0.481388,0.276438,0.1157,0.521464,0.879882,0.035603,0.9135,0.386515,0.456722,0.599097,0.0292,0.517743,0.894309,0.029852,0.6787,0.383288,0.452103,0.631202,0.1202,0.548448,0.928687,-0.091613,0.8727,0.371142,0.490593,0.592807,0.0903
virabhadrasana_tf_0112,0.575447,0.39684,-0.575293,0.9997,0.587874,0.379583,-0.573207,0.9997,0.592025,0.377914,-0.572702,0.9994,0.597993,0.375849,-0.571274,0.9993,0.568904,0.380472,-0.585886,0.9999,0.562195,0.377402,-0.587388,0.9999,0.554703,0.37147,-0.585974,0.9999,0.598895,0.359781,-0.449011,0.9994,0.536981,0.352719,-0.515184,1.0,0.580335,0.400408,-0.52567,0.9997,0.557708,0.398897,-0.546977,0.9997,0.614688,0.359485,-0.282869,0.9995,0.455857,0.352865,-0.375806,0.9989,0.653041,0.319794,-0.130476,0.5662,0.358052,0.301905,-0.424995,0.954,0.644154,0.319744,0.024505,0.4228,0.446578,0.262903,-0.469531,0.9186,0.638649,0.312144,0.047587,0.3304,0.472849,0.261475,-0.485863,0.7397,0.633213,0.319165,0.044605,0.365,0.482365,0.265491,-0.466182,0.7285,0.633198,0.329368,0.026113,0.3493,0.478129,0.269112,-0.465226,0.7132,0.526916,0.50142,0.01834,0.9999,0.434019,0.462977,-0.016815,0.9972,0.528847,0.707212,-0.024685,0.9756,0.378959,0.467569,0.10516,0.5275,0.519544,0.896641,0.012064,0.9865,0.383359,0.443721,0.396396,0.1327,0.512785,0.92141,0.005323,0.9134,0.381902,0.433038,0.422109,0.3549,0.536342,0.94541,-0.126554,0.9678,0.37105,0.481934,0.401107,0.283
virabhadrasana_tf_0113,0.541678,0.412897,-0.651655,0.9997,0.552812,0.399865,-0.644552,0.9996,0.561373,0.397984,-0.643227,0.9995,0.567222,0.395982,-0.641586,0.9986,0.53416,0.396708,-0.653235,0.9998,0.528414,0.392571,-0.653278,0.9999,0.521995,0.387369,-0.652834,0.9999,0.574637,0.378159,-0.523773,0.9992,0.509728,0.357586,-0.565687,1.0,0.549113,0.420003,-0.60352,0.9988,0.529351,0.41725,-0.618392,0.9995,0.59472,0.384292,-0.365366,0.9985,0.442056,0.361355,-0.40323,0.9991,0.646978,0.334717,-0.224988,0.7007,0.351178,0.305319,-0.368085,0.971,0.619697,0.303086,-0.02605,0.3259,0.43823,0.248889,-0.352659,0.914,0.615467,0.293448,0.022253,0.2671,0.463208,0.240461,-0.365415,0.799,0.61179,0.30206,0.017097,0.2659,0.475348,0.246456,-0.340894,0.7774,0.610532,0.306346,-0.020047,0.2562,0.469326,0.249269,-0.34391,0.7211,0.528202,0.511564,0.006853,0.9998,0.428951,0.470595,-0.005342,0.9972,0.525188,0.708136,-0.027021,0.9634,0.345358,0.418671,-0.155493,0.8074,0.524147,0.884978,-0.054919,0.9708,0.386507,0.419473,-0.058957,0.1095,0.521623,0.897704,-0.060165,0.8864,0.39437,0.42495,-0.046709,0.5301,0.540753,0.925166,-0.153922,0.9658,0.39519,0.411022,-0.0471,0.4182
virabhadrasana_tf_0114,0.508873,0.420175,-0.707692,0.9998,0.522119,0.40769,-0.710883,1.0,0.528435,0.405833,-0.709537,0.9999,0.532721,0.403257,-0.708588,0.9999,0.498344,0.406593,-0.707467,1.0,0.491239,0.403866,-0.707826,1.0,0.484495,0.399133,-0.706732,1.0,0.546993,0.380833,-0.610036,1.0,0.470855,0.373674,-0.6017,1.0,0.520762,0.42617,-0.66359,0.9996,0.493714,0.4266,-0.663834,0.9997,0.576848,0.391407,-0.409555,0.9998,0.425099,0.359422,-0.428247,0.9986,0.654541,0.293364,-0.272852,0.8598,0.342634,0.291448,-0.244632,0.8424,0.62437,0.308268,-0.059927,0.2419,0.443479,0.266779,-0.089179,0.3354,0.618988,0.313856,-0.037079,0.1479,0.464806,0.262049,-0.077507,0.1801,0.605007,0.318371,-0.045334,0.1609,0.469913,0.263164,-0.077457,0.1801,0.605138,0.317507,-0.057289,0.1473,0.466063,0.265162,-0.082734,0.1763,0.54573,0.495258,-0.015526,1.0,0.444492,0.461753,0.016988,0.9977,0.526978,0.677461,-0.035455,0.9752,0.44679,0.39326,0.047414,0.1906,0.535367,0.824782,-0.093667,0.8666,0.508474,0.341922,0.117896,0.013,0.529623,0.849271,-0.09951,0.7139,0.515582,0.350843,0.127063,0.074,0.522784,0.852679,-0.172818,0.8267,0.529038,0.288297,0.130414,0.085
virabhadrasana_tf_0115,0.497771,0.419205,-0.699126,0.9997,0.512496,0.405817,-0.698657,1.0,0.521504,0.40366,-0.697316,0.9999,0.528154,0.401084,-0.696478,0.9999,0.487158,0.404803,-0.694205,1.0,0.479566,0.402067,-0.694503,0.9999,0.47344,0.396505,-0.693501,1.0,0.540451,0.379881,-0.590213,0.9999,0.461297,0.370213,-0.580722,1.0,0.51138,0.42962,-0.653373,0.9994,0.484011,0.425132,-0.653528,0.9996,0.570308,0.395407,-0.397765,0.9997,0.419923,0.359037,-0.411495,0.9982,0.65773,0.289897,-0.270425,0.8158,0.333325,0.276836,-0.245648,0.6674,0.610798,0.291904,-0.072716,0.2267,0.442972,0.264635,-0.10921,0.1911,0.601199,0.293719,-0.055937,0.1406,0.462425,0.260297,-0.102028,0.1031,0.585536,0.294286,-0.058578,0.1454,0.470131,0.26225,-0.101602,0.1036,0.587612,0.294493,-0.06811,0.1283,0.464377,0.26409,-0.104077,0.1061,0.546018,0.49109,-0.016654,1.0,0.448792,0.456648,0.018301,0.9945,0.543247,0.649454,-0.042458,0.9584,0.44751,0.373858,0.09172,0.0858,0.538405,0.80929,-0.096441,0.8034,0.492764,0.309988,0.129478,0.0096,0.533346,0.831254,-0.101601,0.6222,0.498338,0.317198,0.135647,0.0571,0.519686,0.839884,-0.179216,0.73,0.504471,0.253173,0.134434,0.0599
virabhadrasana_tf_0116,0.494861,0.417976,-0.706313,0.9999,0.509319,0.404711,-0.708156,1.0,0.518333,0.402611,-0.706836,1.0,0.52496,0.400075,-0.705877,1.0,0.484614,0.403388,-0.702746,1.0,0.477239,0.400405,-0.703226,1.0,0.471484,0.396743,-0.702116,1.0,0.537098,0.379177,-0.604222,1.0,0.460716,0.369447,-0.590037,1.0,0.508473,0.427676,-0.661605,0.9997,0.482076,0.423244,-0.659978,0.9998,0.57306,0.389566,-0.404123,0.9998,0.421992,0.359148,-0.422507,0.9991,0.655613,0.289273,-0.26917,0.9122,0.333464,0.282751,-0.269777,0.9108,0.596657,0.288607,-0.055411,0.4305,0.444462,0.263611,-0.146286,0.5574,0.584783,0.290004,-0.030886,0.2645,0.468766,0.25869,-0.142757,0.3311,0.570449,0.290292,-0.034122,0.2757,0.472952,0.259988,-0.142861,0.3279,0.573271,0.291028,-0.050212,0.2463,0.467956,0.261994,-0.14157,0.3136,0.548923,0.493975,-0.019178,1.0,0.450113,0.455292,0.020598,0.9985,0.529277,0.677087,-0.04116,0.9905,0.44375,0.37596,0.070474,0.258,0.54293,0.826427,-0.116669,0.9102,0.508251,0.320327,0.104355,0.0243,0.538984,0.851478,-0.122658,0.8239,0.517166,0.332918,0.109239,0.1677,0.527951,0.855912,-0.19821,0.9039,0.530881,0.258441,0.112966,0.2153
virabhadrasana_tf_0117,0.485007,0.409936,-0.63177,1.0,0.498652,0.393568,-0.637345,1.0,0.507421,0.390657,-0.635725,1.0,0.515581,0.386741,-0.634363,1.0,0.473657,0.394236,-0.630915,1.0,0.467101,0.39161,-0.630953,1.0,0.460917,0.387951,-0.6303,1.0,0.527533,0.365653,-0.550791,1.0,0.44916,0.365922,-0.532534,1.0,0.499664,0.420283,-0.593549,0.9999,0.473917,0.416257,-0.590315,0.9998,0.571513,0.376255,-0.369418,0.9999,0.404822,0.34032,-0.36745,0.9994,0.649567,0.264543,-0.240165,0.656,0.33362,0.249108,-0.155247,0.1401,0.588266,0.292289,0.020542,0.0271,0.390391,0.299845,-0.017418,0.0113,0.57312,0.303391,0.053329,0.016,0.404375,0.312427,-0.00652,0.0097,0.560668,0.310404,0.052509,0.0179,0.415571,0.311156,-0.014715,0.0111,0.565807,0.306219,0.027978,0.0163,0.413183,0.310007,-0.016886,0.0115,0.563645,0.484509,-0.033695,1.0,0.462493,0.451737,0.034862,0.9991,0.537869,0.667556,-0.018484,0.973,0.433148,0.357579,0.094477,0.2184,0.555344,0.812041,-0.039386,0.9614,0.515806,0.336148,0.182018,0.0343,0.562967,0.830637,-0.037225,0.8666,0.535875,0.345065,0.192453,0.1206,0.516503,0.859018,-0.085678,0.8963,0.516762,0.302113,0.219914,0.1052
virabhadrasana_tf_0118,0.480093,0.404529,-0.629788,1.0,0.491512,0.386444,-0.643959,1.0,0.501352,0.383616,-0.642302,1.0,0.50768,0.380702,-0.640948,1.0,0.467254,0.387956,-0.6329,1.0,0.461719,0.386377,-0.632869,1.0,0.455884,0.384043,-0.632026,1.0,0.520794,0.36116,-0.582705,1.0,0.444774,0.362656,-0.54337,1.0,0.494979,0.413149,-0.600639,0.9999,0.470595,0.413795,-0.591721,0.9999,0.562501,0.373547,-0.396206,1.0,0.402603,0.338386,-0.381171,0.9997,0.635336,0.256408,-0.270395,0.8492,0.351067,0.249408,-0.15737,0.1881,0.549178,0.276707,0.020583,0.059,0.392995,0.285617,-0.008566,0.0082,0.527681,0.286798,0.051379,0.0252,0.402121,0.296715,0.003256,0.0061,0.518813,0.28935,0.056678,0.0272,0.417496,0.30569,0.000725,0.0067,0.539432,0.290617,0.03086,0.0228,0.416304,0.302599,-0.007543,0.0072,0.563834,0.481996,-0.030891,1.0,0.459887,0.443421,0.031986,0.9995,0.539502,0.642013,-0.011693,0.9748,0.436466,0.365963,0.028654,0.3953,0.55081,0.79432,-0.006113,0.9544,0.507833,0.352866,0.061409,0.0841,0.553176,0.806971,-0.001341,0.7964,0.521979,0.358815,0.066169,0.1985,0.503618,0.859607,-0.055731,0.9006,0.516893,0.328284,0.088097,0.2493
virabhadrasana_tf_0119,0.47661,0.398065,-0.686294,1.0,0.487434,0.380537,-0.689771,1.0,0.496484,0.377127,-0.687859,1.0,0.503325,0.373294,-0.686496,1.0,0.461835,0.382602,-0.682374,1.0,0.454282,0.377044,-0.682166,1.0,0.448805,0.3747,-0.68126,1.0,0.5149,0.350161,-0.58653,1.0,0.438358,0.358227,-0.561893,1.0,0.494162,0.40895,-0.64456,0.9999,0.46933,0.410968,-0.640574,0.9999,0.56375,0.376499,-0.407092,1.0,0.414716,0.356207,-0.369801,0.9988,0.643938,0.275598,-0.253666,0.5749,0.354256,0.263013,-0.091918,0.0373,0.610911,0.329019,0.014201,0.0534,0.388757,0.302046,0.135721,0.0047,0.605599,0.338992,0.043257,0.0368,0.394752,0.311527,0.176712,0.0065,0.58521,0.344851,0.034829,0.0375,0.407204,0.318158,0.173336,0.0068,0.586689,0.34023,0.019724,0.0395,0.408004,0.315701,0.140533,0.0083,0.570996,0.484452,-0.047851,1.0,0.476643,0.437397,0.048695,0.9986,0.545019,0.637069,-0.012911,0.9872,0.414308,0.368351,0.034508,0.5586,0.543639,0.779527,0.018481,0.9005,0.452559,0.343128,0.006077,0.1445,0.548575,0.790648,0.023001,0.565,0.460247,0.350265,0.006103,0.3252,0.491089,0.839158,-0.028468,0.819,0.451944,0.309336,0.004255,0.4517
virabhadrasana_tf_0120,0.474173,0.390805,-0.667758,1.0,0.483211,0.370455,-0.675615,1.0,0.491024,0.366745,-0.674122,1.0,0.499377,0.36187,-0.672969,1.0,0.45834,0.373578,-0.666246,1.0,0.451746,0.371546,-0.667044,1.0,0.445267,0.36875,-0.665952,1.0,0.510563,0.343322,-0.588067,1.0,0.435944,0.348532,-0.559362,1.0,0.492343,0.39875,-0.628576,1.0,0.467482,0.402556,-0.621696,1.0,0.561975,0.355939,-0.416477,1.0,0.403415,0.333371,-0.366885,0.9992,0.669917,0.285985,-0.283503,0.9899,0.368975,0.314253,-0.091767,0.1569,0.600277,0.375328,-0.088506,0.8172,0.401978,0.364306,0.101453,0.0601,0.587601,0.401707,-0.067737,0.5395,0.410429,0.379955,0.13904,0.0434,0.571938,0.396497,-0.068667,0.5534,0.419291,0.384189,0.123668,0.0468,0.57586,0.393142,-0.083094,0.4392,0.418778,0.379968,0.102895,0.0512,0.580458,0.485055,-0.042458,1.0,0.490689,0.455122,0.043534,0.9989,0.551355,0.676236,0.054299,0.986,0.448743,0.420398,0.205866,0.3318,0.554584,0.848168,0.086583,0.9861,0.511801,0.383067,0.404331,0.0523,0.554633,0.849664,0.086009,0.835,0.530315,0.38147,0.425322,0.1533,0.503333,0.889803,0.005757,0.9284,0.501288,0.373615,0.429654,0.1359
virabhadrasana_tf_0121,0.472173,0.379974,-0.62308,1.0,0.480001,0.362228,-0.631727,1.0,0.488758,0.358353,-0.630517,1.0,0.496769,0.35366,-0.629577,1.0,0.457453,0.365931,-0.62282,1.0,0.451837,0.364374,-0.62381,1.0,0.446152,0.362584,-0.622893,1.0,0.507296,0.334473,-0.539684,1.0,0.437108,0.346006,-0.515894,1.0,0.492602,0.388801,-0.580582,1.0,0.468652,0.389362,-0.573694,1.0,0.565847,0.337114,-0.363909,1.0,0.402482,0.3425,-0.324536,0.9992,0.683156,0.306941,-0.268638,0.9911,0.34261,0.319157,-0.082964,0.2286,0.607464,0.395346,-0.115573,0.8892,0.402637,0.36796,0.064083,0.0651,0.593911,0.423077,-0.109602,0.6036,0.415434,0.383687,0.094227,0.0437,0.568611,0.419543,-0.102323,0.6122,0.429514,0.386984,0.082826,0.0458,0.574585,0.409085,-0.108699,0.5197,0.42736,0.383077,0.065373,0.0551,0.593113,0.485192,-0.035143,0.9999,0.508555,0.46714,0.03647,0.9951,0.562094,0.673972,0.035979,0.9737,0.482493,0.450905,0.182685,0.1461,0.567185,0.844533,0.041061,0.9775,0.545771,0.410031,0.355419,0.0395,0.579461,0.855605,0.038445,0.8852,0.563169,0.407389,0.372716,0.1036,0.520197,0.868477,-0.034234,0.9242,0.540432,0.398338,0.36568,0.1148
virabhadrasana_tf_0122,0.481166,0.378606,-0.667862,1.0,0.486841,0.357588,-0.668912,1.0,0.49415,0.353686,-0.668102,1.0,0.500204,0.349998,-0.667253,1.0,0.465572,0.361704,-0.662139,1.0,0.458105,0.360589,-0.663151,1.0,0.451336,0.35798,-0.661655,1.0,0.509226,0.33065,-0.558004,1.0,0.440672,0.342469,-0.544024,1.0,0.496636,0.383509,-0.621749,1.0,0.475547,0.390714,-0.619591,1.0,0.561259,0.338208,-0.386232,1.0,0.408212,0.354584,-0.342823,0.9997,0.690194,0.31317,-0.282849,0.9905,0.333916,0.332162,-0.095545,0.2225,0.602306,0.388737,-0.12258,0.891,0.407741,0.391396,0.05975,0.0486,0.583154,0.411688,-0.123684,0.5677,0.429896,0.414787,0.088232,0.0327,0.564733,0.412207,-0.112897,0.5741,0.446615,0.412128,0.07916,0.0335,0.572293,0.403888,-0.116239,0.5296,0.442239,0.409294,0.06278,0.0471,0.598847,0.470601,-0.032154,0.9999,0.517936,0.449342,0.033705,0.9959,0.564398,0.674131,-0.053964,0.9831,0.505556,0.400755,0.124776,0.168,0.567815,0.886326,-0.104245,0.9797,0.55858,0.387438,0.167037,0.1997,0.581092,0.904658,-0.11762,0.8672,0.572971,0.392927,0.17083,0.247,0.533592,0.945959,-0.197,0.9109,0.548088,0.37207,0.11985,0.4106
virabhadrasana_tf_0123,0.473743,0.370505,-0.564769,1.0,0.483313,0.34966,-0.585241,1.0,0.491798,0.345045,-0.584669,1.0,0.498574,0.340576,-0.583407,1.0,0.458163,0.354233,-0.571017,1.0,0.450871,0.352171,-0.571512,1.0,0.444154,0.349819,-0.57048,1.0,0.508818,0.319451,-0.514212,1.0,0.431555,0.332243,-0.474302,1.0,0.493253,0.375382,-0.529609,1.0,0.468431,0.378438,-0.517878,1.0,0.573731,0.313148,-0.338686,1.0,0.398128,0.334582,-0.306402,1.0,0.711293,0.330547,-0.236884,0.9937,0.312239,0.358889,-0.085591,0.8374,0.621776,0.405091,-0.117099,0.9392,0.394229,0.436166,0.02364,0.396,0.601258,0.428681,-0.102286,0.7649,0.408426,0.455452,0.041257,0.2303,0.584551,0.419181,-0.097602,0.7419,0.421461,0.451207,0.031522,0.2442,0.587937,0.411744,-0.110917,0.7131,0.420908,0.44419,0.022736,0.2823,0.594367,0.470152,-0.016805,1.0,0.506038,0.472555,0.018122,0.998,0.572355,0.670118,0.065531,0.9911,0.515265,0.480055,0.261662,0.386,0.577075,0.824551,0.108237,0.9504,0.581905,0.437123,0.524272,0.0927,0.594689,0.837173,0.10446,0.923,0.597472,0.431432,0.549124,0.262,0.582624,0.858344,0.030187,0.8271,0.593551,0.437015,0.509798,0.2984
virabhadrasana_tf_0124,0.467031,0.362077,-0.653276,1.0,0.473517,0.340679,-0.668302,1.0,0.481556,0.336869,-0.668127,1.0,0.48821,0.333106,-0.66709,1.0,0.451673,0.343061,-0.651516,1.0,0.445462,0.340593,-0.652369,1.0,0.439102,0.338009,-0.651181,1.0,0.499672,0.311092,-0.591655,1.0,0.434187,0.321587,-0.538124,1.0,0.486034,0.366837,-0.619072,1.0,0.463321,0.369388,-0.6052,1.0,0.574903,0.313969,-0.420477,1.0,0.407134,0.333361,-0.365665,1.0,0.724301,0.347869,-0.314775,0.9908,0.302508,0.369613,-0.147045,0.9304,0.621918,0.420214,-0.163987,0.9323,0.395644,0.44917,-0.023857,0.5361,0.599876,0.441587,-0.151321,0.7069,0.410777,0.46213,0.001094,0.3105,0.584371,0.430799,-0.135542,0.687,0.426309,0.455082,-0.006209,0.3069,0.588005,0.421057,-0.156081,0.6862,0.423086,0.450411,-0.021547,0.3753,0.608942,0.463555,-0.027998,0.9996,0.529831,0.454626,0.029657,0.9925,0.576521,0.665903,0.05116,0.9698,0.543851,0.485459,0.345728,0.1738,0.58767,0.837648,0.099455,0.7917,0.606712,0.442399,0.585071,0.0702,0.602524,0.843948,0.089725,0.7298,0.621812,0.433081,0.607157,0.1725,0.544154,0.877935,0.015402,0.5225,0.610587,0.45505,0.549596,0.2031
virabhadrasana_tf_0125,0.461274,0.343846,-0.638233,1.0,0.468911,0.323442,-0.645726,1.0,0.476389,0.31972,-0.644756,1.0,0.483163,0.315464,-0.644077,1.0,0.44813,0.327426,-0.636196,1.0,0.44192,0.326261,-0.637387,1.0,0.435509,0.324881,-0.636148,1.0,0.496794,0.29781,-0.547632,1.0,0.429012,0.313822,-0.529604,1.0,0.481776,0.35348,-0.594589,1.0,0.45386,0.353087,-0.588613,1.0,0.583699,0.310016,-0.414843,1.0,0.395201,0.327189,-0.330971,1.0,0.729436,0.348671,-0.336601,0.9972,0.275339,0.354032,-0.101124,0.9544,0.6176,0.445531,-0.257885,0.9818,0.363588,0.451537,0.014065,0.7942,0.59365,0.466956,-0.270927,0.9245,0.387026,0.473199,0.035424,0.6008,0.575976,0.461484,-0.26965,0.9192,0.400779,0.464657,0.022536,0.5899,0.580829,0.452349,-0.255636,0.8857,0.402118,0.456873,0.014352,0.6251,0.624709,0.445267,-0.047801,0.9999,0.547556,0.449817,0.04863,0.9977,0.587947,0.66225,-0.103497,0.985,0.53354,0.49864,0.22573,0.2013,0.598059,0.877542,-0.118783,0.9202,0.615408,0.496405,0.395849,0.0985,0.611991,0.898378,-0.127718,0.8703,0.638164,0.493363,0.411268,0.1809,0.56338,0.940636,-0.202691,0.6878,0.607424,0.525694,0.381912,0.1265
virabhadrasana_tf_0126,0.462457,0.339748,-0.638393,1.0,0.470868,0.320114,-0.645232,1.0,0.478388,0.316471,-0.644278,1.0,0.485286,0.312563,-0.643623,1.0,0.449833,0.324122,-0.637673,1.0,0.443776,0.323014,-0.639052,1.0,0.437498,0.321395,-0.637667,1.0,0.499766,0.296002,-0.540192,1.0,0.433119,0.308653,-0.530269,1.0,0.483328,0.346782,-0.591856,1.0,0.457757,0.350311,-0.588559,1.0,0.579186,0.306986,-0.403762,1.0,0.389744,0.319256,-0.329116,1.0,0.72639,0.339659,-0.330289,0.9973,0.267307,0.342476,-0.09482,0.9137,0.613807,0.450863,-0.232804,0.9849,0.354831,0.450845,0.028006,0.7615,0.58958,0.474365,-0.244628,0.9075,0.378437,0.477612,0.054874,0.5686,0.574609,0.463709,-0.241174,0.8998,0.390925,0.467398,0.04081,0.563,0.5755,0.457429,-0.229837,0.8694,0.392985,0.459647,0.028888,0.6052,0.625472,0.460552,-0.04902,0.9999,0.537147,0.45137,0.050133,0.9974,0.590919,0.663387,-0.038537,0.9963,0.531131,0.435407,0.27847,0.1298,0.604469,0.880167,-0.044488,0.9581,0.621957,0.401092,0.423738,0.1718,0.619832,0.902472,-0.052042,0.9376,0.646638,0.400208,0.436221,0.276,0.559978,0.939536,-0.125082,0.8437,0.610093,0.40386,0.401708,0.2815
virabhadrasana_tf_0127,0.457474,0.343719,-0.639104,1.0,0.465053,0.322546,-0.6477,1.0,0.473868,0.318749,-0.646514,1.0,0.481533,0.314607,-0.646056,1.0,0.44233,0.325394,-0.63904,1.0,0.435707,0.323895,-0.640476,1.0,0.429456,0.321913,-0.639217,1.0,0.497347,0.296486,-0.555039,1.0,0.429656,0.30876,-0.536978,1.0,0.478373,0.350177,-0.596009,1.0,0.453363,0.354707,-0.59053,1.0,0.577364,0.305568,-0.420063,1.0,0.384223,0.31629,-0.339402,0.9999,0.719431,0.32764,-0.339474,0.9981,0.268218,0.33223,-0.101299,0.9104,0.609093,0.452023,-0.212359,0.9892,0.34215,0.453563,0.023867,0.7726,0.585707,0.478553,-0.22351,0.9278,0.353802,0.481236,0.052336,0.5795,0.567361,0.466385,-0.215569,0.9236,0.369608,0.47086,0.036345,0.5804,0.565831,0.459347,-0.206757,0.886,0.370447,0.463809,0.024262,0.6194,0.632187,0.448768,-0.043227,0.9998,0.544473,0.442871,0.044517,0.9957,0.595158,0.66155,-0.030235,0.9873,0.533188,0.439294,0.211267,0.1455,0.606929,0.873523,-0.023777,0.9414,0.633779,0.390832,0.339459,0.1126,0.619743,0.896646,-0.02911,0.9168,0.656757,0.385832,0.351654,0.194,0.567762,0.942076,-0.099416,0.8126,0.63649,0.390542,0.326367,0.1818
virabhadrasana_tf_0128,0.458322,0.333996,-0.534252,1.0,0.4637,0.314021,-0.542684,1.0,0.470989,0.31024,-0.54154,1.0,0.477051,0.306161,-0.540908,1.0,0.443455,0.318121,-0.533053,1.0,0.437746,0.317546,-0.534308,1.0,0.432618,0.316751,-0.533248,0.9999,0.490104,0.28899,-0.473013,1.0,0.436218,0.302603,-0.444462,1.0,0.478185,0.339434,-0.501973,1.0,0.455428,0.345552,-0.492525,1.0,0.573297,0.289238,-0.3676,1.0,0.427232,0.32532,-0.260597,0.9998,0.691342,0.307316,-0.318376,0.9992,0.328154,0.368296,-0.122972,0.7743,0.596344,0.425221,-0.261452,0.9963,0.29545,0.438179,-0.08068,0.5234,0.577134,0.466735,-0.2786,0.9838,0.296066,0.460985,-0.064913,0.3918,0.560414,0.46035,-0.281403,0.9833,0.301023,0.458036,-0.09249,0.385,0.562748,0.446949,-0.25844,0.9706,0.306708,0.452941,-0.091795,0.4195,0.641339,0.457168,-0.059228,1.0,0.562531,0.445963,0.059819,0.9995,0.601425,0.651964,-0.096211,0.9969,0.47933,0.394238,0.175129,0.2878,0.608855,0.869405,-0.156819,0.9928,0.492411,0.392338,0.229209,0.3313,0.618911,0.889608,-0.168037,0.9666,0.508397,0.407312,0.231326,0.4534,0.549159,0.923226,-0.276913,0.9809,0.451759,0.371451,0.191247,0.5767
virabhadrasana_tf_0129,0.453847,0.332353,-0.553997,1.0,0.458029,0.312012,-0.562372,1.0,0.464944,0.308557,-0.561404,1.0,0.471032,0.304783,-0.560728,1.0,0.440477,0.315672,-0.552174,1.0,0.435734,0.314862,-0.553025,1.0,0.431395,0.313715,-0.552731,1.0,0.486261,0.289108,-0.487606,1.0,0.439325,0.299135,-0.455268,1.0,0.473873,0.337539,-0.520112,1.0,0.453687,0.344243,-0.508791,1.0,0.571104,0.288196,-0.381853,1.0,0.430014,0.322328,-0.313343,0.9999,0.685753,0.300597,-0.372424,0.9945,0.308942,0.378847,-0.392705,0.9579,0.589254,0.407091,-0.337786,0.9811,0.264049,0.430838,-0.574596,0.8967,0.574755,0.435625,-0.352344,0.9491,0.262295,0.456884,-0.60691,0.842,0.54881,0.43995,-0.34435,0.9468,0.27222,0.456685,-0.62988,0.8351,0.550138,0.429926,-0.331383,0.9106,0.279656,0.45114,-0.593446,0.8322,0.644608,0.454927,-0.047882,1.0,0.566952,0.456136,0.048783,0.9996,0.604823,0.651264,-0.105783,0.9962,0.487349,0.432631,0.14239,0.2681,0.62032,0.862012,-0.185321,0.9937,0.57245,0.402355,0.250063,0.145,0.638333,0.884748,-0.194816,0.9755,0.598585,0.404322,0.258265,0.1859,0.579189,0.926548,-0.289377,0.9788,0.557524,0.392297,0.240918,0.2407
virabhadrasana_tf_0130,0.452087,0.328111,-0.548174,1.0,0.456702,0.30809,-0.557192,1.0,0.463529,0.304423,-0.556383,0.9999,0.469382,0.300639,-0.55559,0.9999,0.438521,0.312167,-0.544369,0.9999,0.433233,0.311327,-0.54543,0.9999,0.428165,0.310088,-0.544836,0.9999,0.485283,0.28499,-0.49657,0.9999,0.433945,0.295285,-0.451734,0.9999,0.472631,0.332048,-0.520368,1.0,0.453212,0.339362,-0.505907,1.0,0.562082,0.292419,-0.397925,1.0,0.418013,0.322468,-0.311105,0.9997,0.67513,0.295767,-0.441267,0.9973,0.311113,0.37027,-0.269234,0.9823,0.566146,0.400894,-0.46817,0.9862,0.240086,0.413381,-0.311398,0.9482,0.550212,0.439346,-0.505397,0.9431,0.234587,0.440917,-0.326017,0.8926,0.529124,0.436159,-0.496988,0.9431,0.244675,0.442177,-0.355734,0.8901,0.534451,0.426291,-0.467256,0.9034,0.250708,0.435747,-0.329795,0.8868,0.642396,0.449962,-0.051131,0.9999,0.564087,0.448703,0.052444,0.998,0.609504,0.648335,-0.12869,0.9967,0.501698,0.425715,0.202629,0.3541,0.62686,0.858308,-0.216291,0.9888,0.592504,0.382177,0.334154,0.177,0.64393,0.875654,-0.229328,0.977,0.616514,0.380663,0.344146,0.254,0.582412,0.921789,-0.327416,0.9409,0.581638,0.376769,0.322732,0.199
virabhadrasana_tf_0131,0.431799,0.300156,-0.357015,1.0,0.444507,0.28003,-0.35879,0.9999,0.450347,0.277228,-0.357612,0.9999,0.454727,0.275092,-0.356813,0.9999,0.432275,0.279275,-0.349212,0.9999,0.429671,0.276949,-0.349999,0.9999,0.426234,0.274399,-0.350285,0.9999,0.466614,0.272075,-0.308444,0.9999,0.436911,0.270789,-0.28888,1.0,0.444773,0.30729,-0.335566,1.0,0.432039,0.306278,-0.328795,1.0,0.52649,0.302334,-0.308257,0.9999,0.424439,0.317627,-0.224039,0.9999,0.617426,0.271488,-0.508819,0.985,0.307485,0.295033,-0.251658,0.9956,0.52209,0.327206,-0.706538,0.9424,0.206084,0.307407,-0.259581,0.9925,0.50691,0.355363,-0.767212,0.9102,0.176573,0.322792,-0.285496,0.981,0.489369,0.34923,-0.758365,0.9029,0.176221,0.324637,-0.304678,0.9797,0.492266,0.344387,-0.710764,0.8715,0.188943,0.319894,-0.275851,0.979,0.669393,0.427858,-0.059151,1.0,0.612871,0.420675,0.06024,0.9998,0.618938,0.653261,-0.192096,0.9979,0.582983,0.422595,0.263693,0.6641,0.639013,0.866056,-0.255123,0.9962,0.634093,0.400755,0.388206,0.5204,0.643538,0.891826,-0.262126,0.9917,0.642797,0.398675,0.397341,0.5598,0.595745,0.923171,-0.355989,0.9566,0.652195,0.411949,0.386822,0.4923
virabhadrasana_tf_0132,0.442301,0.321139,-0.516099,1.0,0.442369,0.303196,-0.531172,1.0,0.446924,0.300668,-0.530046,1.0,0.453042,0.296355,-0.529198,1.0,0.433217,0.305312,-0.509169,1.0,0.431392,0.30382,-0.510409,1.0,0.428806,0.301915,-0.510284,1.0,0.471735,0.280685,-0.507592,1.0,0.43658,0.2904,-0.438591,1.0,0.459887,0.324188,-0.498363,1.0,0.450125,0.328409,-0.477013,1.0,0.557981,0.304115,-0.467053,0.9997,0.440667,0.317709,-0.380277,0.9999,0.547163,0.265553,-0.72043,0.955,0.317413,0.271965,-0.382759,0.9917,0.471332,0.201038,-0.935186,0.9368,0.189589,0.232045,-0.388336,0.9962,0.457841,0.187935,-0.999605,0.9156,0.149933,0.232009,-0.426914,0.9903,0.446962,0.186187,-1.005639,0.9166,0.150823,0.233645,-0.436075,0.9895,0.446824,0.192797,-0.950755,0.9104,0.170333,0.233095,-0.402858,0.9886,0.677383,0.417588,-0.059645,1.0,0.610508,0.397398,0.060713,1.0,0.630056,0.644655,-0.158924,0.9956,0.656788,0.395192,0.34973,0.852,0.648922,0.854887,-0.114645,0.9958,0.720969,0.376814,0.600305,0.7793,0.663356,0.878362,-0.113898,0.9878,0.73064,0.363383,0.622473,0.7195,0.613472,0.903436,-0.19603,0.9783,0.775819,0.354445,0.615197,0.6812
virabhadrasana_tf_0133,0.433842,0.319562,-0.476719,1.0,0.434453,0.303153,-0.494996,1.0,0.438485,0.30044,-0.494023,1.0,0.442514,0.297878,-0.493161,1.0,0.4274,0.302669,-0.473047,1.0,0.426241,0.300639,-0.474121,1.0,0.425172,0.29846,-0.474074,1.0,0.460724,0.284069,-0.486657,1.0,0.434376,0.288534,-0.415049,1.0,0.451642,0.322364,-0.464891,1.0,0.443086,0.325549,-0.442632,1.0,0.552548,0.311646,-0.448983,0.9996,0.438235,0.307454,-0.359466,0.9999,0.555406,0.273983,-0.682689,0.9252,0.320741,0.272369,-0.375432,0.9859,0.4719,0.202875,-0.89479,0.8694,0.190318,0.231132,-0.400208,0.9914,0.459095,0.189138,-0.95965,0.8572,0.15049,0.229943,-0.437785,0.9809,0.446796,0.188124,-0.966942,0.8585,0.151255,0.229811,-0.450004,0.9803,0.452128,0.198041,-0.909329,0.8596,0.168595,0.231811,-0.41562,0.9806,0.675788,0.417307,-0.060244,1.0,0.607866,0.391447,0.061352,1.0,0.632953,0.644272,-0.14587,0.9949,0.638787,0.376274,0.318685,0.784,0.65252,0.852862,-0.10556,0.9945,0.714749,0.374752,0.551356,0.727,0.669177,0.873518,-0.102589,0.9881,0.724412,0.359747,0.572657,0.648,0.618595,0.907061,-0.166885,0.9758,0.776282,0.354429,0.573898,0.6356
virabhadrasana_tf_0134,0.433482,0.315499,-0.530086,1.0,0.434998,0.298862,-0.545279,1.0,0.438374,0.296892,-0.544269,1.0,0.441902,0.294899,-0.543257,1.0,0.427763,0.29955,-0.524188,1.0,0.42704,0.297664,-0.525302,1.0,0.42633,0.295754,-0.525398,1.0,0.458041,0.283418,-0.520317,1.0,0.435643,0.282871,-0.452587,1.0,0.450346,0.320581,-0.512386,1.0,0.44259,0.322031,-0.491645,1.0,0.549809,0.309985,-0.467828,0.9993,0.443457,0.31392,-0.382974,0.9997,0.535239,0.277408,-0.681996,0.8989,0.320929,0.274096,-0.393999,0.9845,0.449528,0.200157,-0.883928,0.8939,0.195048,0.236141,-0.401817,0.9937,0.44127,0.18546,-0.946354,0.8805,0.158908,0.231624,-0.435706,0.9848,0.435802,0.188056,-0.957078,0.8837,0.157433,0.229869,-0.447508,0.984,0.434905,0.195151,-0.900886,0.8742,0.175363,0.230676,-0.416775,0.9827,0.677717,0.425765,-0.067048,1.0,0.606612,0.392097,0.068329,0.9999,0.638431,0.646058,-0.188474,0.9929,0.647358,0.394576,0.302078,0.8893,0.653152,0.852162,-0.171124,0.9961,0.717523,0.381866,0.498124,0.8824,0.665322,0.879393,-0.174083,0.9875,0.723152,0.369913,0.5146,0.8215,0.606866,0.914368,-0.270692,0.9802,0.777526,0.382999,0.492555,0.7898
virabhadrasana_tf_0135,0.434381,0.315963,-0.518232,1.0,0.434367,0.29985,-0.534828,1.0,0.437666,0.298324,-0.533889,1.0,0.441699,0.297196,-0.532915,1.0,0.42847,0.300249,-0.514028,1.0,0.427989,0.298458,-0.515091,1.0,0.426457,0.296164,-0.515184,1.0,0.458227,0.285844,-0.513812,1.0,0.437899,0.284579,-0.447394,1.0,0.450364,0.320795,-0.501302,1.0,0.444547,0.322016,-0.480781,1.0,0.561719,0.309813,-0.459538,0.9995,0.444155,0.308666,-0.385744,0.9999,0.520843,0.271676,-0.667355,0.901,0.316327,0.269948,-0.410411,0.9901,0.448843,0.202536,-0.877881,0.9002,0.192793,0.235524,-0.433255,0.9959,0.439716,0.188507,-0.943438,0.8941,0.154024,0.233468,-0.472837,0.989,0.429127,0.187448,-0.955689,0.8981,0.154086,0.233072,-0.486162,0.9885,0.429244,0.191759,-0.894761,0.8918,0.172925,0.232321,-0.449664,0.9881,0.675836,0.423911,-0.062887,1.0,0.613812,0.387428,0.064028,0.9999,0.639411,0.644753,-0.175717,0.9933,0.65157,0.395642,0.32219,0.8864,0.659427,0.847967,-0.146788,0.9968,0.731509,0.384477,0.545082,0.8627,0.665172,0.870631,-0.148396,0.9904,0.740886,0.374997,0.564797,0.8141,0.614896,0.905823,-0.250321,0.9849,0.756596,0.399417,0.544751,0.7771
virabhadrasana_tf_0136,0.439573,0.320931,-0.499578,1.0,0.441235,0.301783,-0.513635,1.0,0.445259,0.298636,-0.512612,1.0,0.449468,0.295472,-0.511939,1.0,0.432787,0.304739,-0.493138,1.0,0.431351,0.303522,-0.494328,1.0,0.429922,0.302194,-0.494064,1.0,0.465724,0.283057,-0.484123,1.0,0.437375,0.294023,-0.420909,1.0,0.457961,0.320075,-0.480014,1.0,0.449081,0.32621,-0.460119,1.0,0.555942,0.305679,-0.443323,0.9997,0.444791,0.316644,-0.360577,0.9999,0.522595,0.266354,-0.686316,0.9547,0.324412,0.277778,-0.383109,0.989,0.437816,0.203876,-0.894915,0.931,0.19393,0.239188,-0.406673,0.9953,0.425743,0.194224,-0.961636,0.9177,0.156739,0.234513,-0.443613,0.9888,0.416952,0.191447,-0.965933,0.9179,0.155618,0.234005,-0.45597,0.988,0.424341,0.201438,-0.907901,0.9163,0.172676,0.235762,-0.421445,0.9879,0.690711,0.415641,-0.058801,1.0,0.643784,0.390766,0.059598,1.0,0.642436,0.64319,-0.128416,0.9969,0.673967,0.371519,0.334662,0.8874,0.664319,0.848625,-0.075211,0.997,0.743041,0.375241,0.592109,0.8224,0.679994,0.868915,-0.072325,0.9934,0.751095,0.36632,0.616743,0.7284,0.611693,0.897926,-0.140144,0.9888,0.762387,0.385797,0.621572,0.7298
virabhadrasana_tf_0137,0.436373,0.324722,-0.485147,1.0,0.437129,0.305622,-0.49763,1.0,0.443016,0.301674,-0.496516,1.0,0.448089,0.298058,-0.49579,1.0,0.427639,0.307712,-0.477398,1.0,0.425108,0.305955,-0.478516,1.0,0.422259,0.306289,-0.478351,1.0,0.464479,0.283782,-0.464816,1.0,0.432422,0.295539,-0.403393,1.0,0.454362,0.324308,-0.46441,1.0,0.443998,0.329897,-0.445114,1.0,0.551038,0.303445,-0.432302,0.9997,0.440471,0.323362,-0.344357,0.9999,0.528541,0.262582,-0.680632,0.9582,0.310063,0.273886,-0.372136,0.992,0.429608,0.201641,-0.890068,0.9391,0.189785,0.239606,-0.39405,0.9971,0.416139,0.187281,-0.955383,0.9289,0.150865,0.235482,-0.430185,0.9926,0.40594,0.185995,-0.956455,0.9287,0.151375,0.234878,-0.439798,0.992,0.413588,0.197508,-0.901151,0.9269,0.168745,0.235709,-0.407811,0.9919,0.69234,0.40652,-0.060706,1.0,0.631391,0.395058,0.061553,1.0,0.645938,0.637184,-0.143647,0.9979,0.68067,0.378569,0.340831,0.9323,0.663309,0.846483,-0.10809,0.9986,0.745694,0.360528,0.590511,0.8966,0.675511,0.868097,-0.107901,0.996,0.749333,0.352017,0.613954,0.8383,0.605725,0.900369,-0.189924,0.9936,0.767611,0.364172,0.610383,0.8229
virabhadrasana_tf_0138,0.437174,0.32667,-0.510792,1.0,0.441664,0.30694,-0.523013,1.0,0.447838,0.303421,-0.521861,1.0,0.454414,0.299656,-0.520987,1.0,0.429182,0.310436,-0.503582,1.0,0.426838,0.3096,-0.5047,1.0,0.423887,0.310395,-0.504688,1.0,0.472243,0.286093,-0.484454,1.0,0.434914,0.302675,-0.427005,1.0,0.456405,0.327993,-0.487264,1.0,0.442611,0.333154,-0.469283,1.0,0.550349,0.301907,-0.443962,0.9995,0.43575,0.324083,-0.361649,0.9999,0.528875,0.258089,-0.691448,0.9521,0.307393,0.275057,-0.385464,0.9946,0.432635,0.204563,-0.903332,0.9358,0.190059,0.241154,-0.40022,0.998,0.413835,0.19212,-0.968214,0.9202,0.156167,0.239419,-0.437316,0.9943,0.40532,0.190452,-0.968448,0.9212,0.156324,0.236752,-0.444946,0.9937,0.409205,0.19662,-0.914318,0.9169,0.166539,0.236568,-0.413067,0.9932,0.689416,0.410967,-0.061755,1.0,0.626871,0.394112,0.062707,1.0,0.65143,0.637223,-0.174722,0.9978,0.690161,0.388111,0.351228,0.9543,0.670069,0.845379,-0.149613,0.999,0.7512,0.374889,0.582906,0.923,0.683764,0.8696,-0.151664,0.9967,0.758403,0.360047,0.603459,0.8883,0.6238,0.901089,-0.260517,0.9949,0.821436,0.355755,0.577271,0.8651
virabhadrasana_tf_0139,0.442804,0.328833,-0.498346,1.0,0.445118,0.309573,-0.508041,1.0,0.451066,0.305439,-0.506918,1.0,0.457175,0.301146,-0.506042,1.0,0.432994,0.314757,-0.489077,1.0,0.43057,0.314412,-0.490109,1.0,0.428485,0.313922,-0.490101,1.0,0.474466,0.287052,-0.459603,1.0,0.436981,0.307391,-0.40364,1.0,0.461974,0.32901,-0.471489,1.0,0.447733,0.335702,-0.453929,1.0,0.554053,0.298272,-0.423305,0.9995,0.442548,0.331185,-0.331062,0.9999,0.516185,0.250575,-0.67886,0.962,0.310988,0.274271,-0.358869,0.9931,0.422735,0.201523,-0.892994,0.9407,0.192346,0.243865,-0.378352,0.997,0.404548,0.185923,-0.957864,0.9259,0.154229,0.243287,-0.414259,0.992,0.394534,0.185274,-0.956818,0.926,0.153631,0.241122,-0.420969,0.991,0.404664,0.195555,-0.903413,0.9238,0.167674,0.242277,-0.390663,0.9908,0.694755,0.406524,-0.064572,1.0,0.631736,0.3975,0.065594,1.0,0.652823,0.63525,-0.19392,0.9978,0.694584,0.401931,0.319399,0.9588,0.67197,0.842681,-0.18888,0.9994,0.76383,0.377251,0.523138,0.9367,0.687456,0.865997,-0.193091,0.9982,0.759166,0.362364,0.540828,0.9182,0.626416,0.898362,-0.304302,0.9972,0.7927,0.366762,0.518553,0.8945
virabhadrasana_tf_0140,0.442995,0.329943,-0.482008,1.0,0.445604,0.309927,-0.492144,1.0,0.451359,0.305604,-0.490974,1.0,0.45716,0.301187,-0.490172,1.0,0.433278,0.315247,-0.472783,1.0,0.430656,0.314756,-0.473751,1.0,0.428421,0.314104,-0.473732,1.0,0.472734,0.287006,-0.446628,1.0,0.435996,0.307051,-0.389182,1.0,0.460698,0.3294,-0.456392,1.0,0.446672,0.33668,-0.438352,1.0,0.552896,0.296945,-0.415967,0.9991,0.442272,0.334504,-0.321751,0.9999,0.504467,0.245624,-0.674658,0.9621,0.306857,0.277208,-0.35237,0.9895,0.410263,0.198992,-0.875545,0.9339,0.192441,0.243355,-0.375849,0.9957,0.390204,0.182854,-0.939645,0.9201,0.154686,0.242057,-0.409948,0.99,0.382796,0.180257,-0.934939,0.9172,0.154446,0.239766,-0.417896,0.9887,0.391924,0.190424,-0.884223,0.915,0.168515,0.240871,-0.38847,0.9886,0.696534,0.405666,-0.062453,1.0,0.632591,0.401797,0.063436,1.0,0.653698,0.635129,-0.180778,0.9976,0.694262,0.400422,0.315493,0.9568,0.672859,0.843792,-0.178685,0.9992,0.766044,0.376197,0.519022,0.9267,0.687178,0.868832,-0.183006,0.998,0.777349,0.361164,0.536612,0.8982,0.62774,0.901264,-0.286743,0.9967,0.79556,0.369929,0.51712,0.8712
virabhadrasana_tf_0141,0.439593,0.327314,-0.473185,1.0,0.440526,0.308707,-0.485357,1.0,0.44572,0.304908,-0.484146,1.0,0.451038,0.300804,-0.483296,1.0,0.42989,0.312238,-0.464688,1.0,0.427884,0.311158,-0.465575,1.0,0.426211,0.309902,-0.465676,1.0,0.467428,0.28606,-0.450242,1.0,0.437156,0.301324,-0.386647,1.0,0.457111,0.327374,-0.451536,1.0,0.445836,0.333308,-0.431883,1.0,0.546646,0.293016,-0.427868,0.9994,0.44713,0.332143,-0.318901,0.9999,0.495171,0.238626,-0.686392,0.9556,0.311096,0.280323,-0.33507,0.9884,0.404614,0.1941,-0.886159,0.9339,0.195857,0.24419,-0.351844,0.9955,0.384989,0.174392,-0.950418,0.9231,0.158952,0.238679,-0.388223,0.99,0.377998,0.17595,-0.950385,0.9214,0.160656,0.236708,-0.395943,0.9888,0.386366,0.185929,-0.89748,0.9193,0.176923,0.23996,-0.365123,0.9884,0.69504,0.407019,-0.066631,1.0,0.641879,0.403709,0.067705,1.0,0.654112,0.632124,-0.176999,0.9959,0.700543,0.404725,0.338724,0.9329,0.674102,0.849634,-0.166788,0.9989,0.770836,0.370522,0.538268,0.8971,0.687664,0.870198,-0.170449,0.9968,0.772515,0.361244,0.555674,0.8855,0.62114,0.903889,-0.279314,0.9939,0.798445,0.374932,0.528086,0.8338
virabhadrasana_tf_0142,0.420096,0.328066,-0.441355,1.0,0.418994,0.311051,-0.458564,0.9999,0.423402,0.308159,-0.457475,1.0,0.428257,0.30478,-0.456536,0.9999,0.411411,0.312124,-0.433558,0.9999,0.410529,0.310544,-0.434579,1.0,0.410103,0.308833,-0.434579,0.9999,0.450007,0.287915,-0.44918,0.9999,0.426147,0.29723,-0.365306,1.0,0.439425,0.329973,-0.430568,1.0,0.43191,0.33201,-0.404919,1.0,0.534002,0.293161,-0.440834,0.999,0.443782,0.326488,-0.297176,0.9997,0.471771,0.243485,-0.707002,0.9697,0.311418,0.290166,-0.296145,0.9784,0.384281,0.182385,-0.913059,0.939,0.19813,0.251051,-0.319091,0.993,0.367594,0.163368,-0.970433,0.9249,0.159783,0.240642,-0.350864,0.9869,0.361117,0.163591,-0.973956,0.9227,0.159822,0.233037,-0.35806,0.9854,0.368265,0.172392,-0.925229,0.924,0.17309,0.23729,-0.330941,0.9849,0.698123,0.407543,-0.070474,1.0,0.647562,0.40414,0.071557,1.0,0.657203,0.633844,-0.17585,0.9957,0.710736,0.402155,0.320571,0.9289,0.681539,0.845719,-0.187875,0.9982,0.795398,0.371327,0.509938,0.8779,0.694147,0.867155,-0.193282,0.9953,0.796402,0.362391,0.524737,0.8596,0.630734,0.887946,-0.296395,0.9898,0.824877,0.386566,0.491072,0.8071
virabhadrasana_tf_0143,0.420889,0.319405,-0.413783,1.0,0.420116,0.302338,-0.431214,1.0,0.424729,0.299177,-0.430227,1.0,0.429423,0.295895,-0.429502,1.0,0.410921,0.304925,-0.406913,1.0,0.40982,0.303749,-0.40796,1.0,0.408975,0.302449,-0.407659,0.9999,0.448015,0.283592,-0.424397,1.0,0.424118,0.291751,-0.343157,1.0,0.439493,0.320678,-0.403581,1.0,0.431289,0.323246,-0.378498,1.0,0.527835,0.295172,-0.419846,0.9996,0.447782,0.326864,-0.275201,0.9998,0.471016,0.248184,-0.665217,0.9836,0.315332,0.29357,-0.275963,0.9694,0.382735,0.17762,-0.861112,0.9634,0.191129,0.248914,-0.315843,0.9873,0.359181,0.152643,-0.920758,0.9571,0.152531,0.234216,-0.348258,0.9787,0.35696,0.15404,-0.924618,0.9548,0.151059,0.22791,-0.357054,0.9768,0.357597,0.159761,-0.87264,0.9548,0.168749,0.233808,-0.327975,0.9775,0.699654,0.409249,-0.069001,1.0,0.654718,0.405944,0.070048,1.0,0.657797,0.636106,-0.122379,0.9978,0.712406,0.40255,0.324088,0.9457,0.684884,0.840752,-0.109313,0.9987,0.807764,0.366137,0.538665,0.9063,0.698394,0.860852,-0.109994,0.9975,0.808388,0.3556,0.557317,0.8927,0.630567,0.888446,-0.195101,0.9943,0.854565,0.348584,0.534504,0.8515
virabhadrasana_tf_0144,0.4154,0.329261,-0.420887,1.0,0.413138,0.312933,-0.440823,0.9999,0.416937,0.310074,-0.440071,1.0,0.4208,0.307003,-0.439236,1.0,0.406641,0.315192,-0.413112,0.9999,0.405916,0.314043,-0.414372,0.9999,0.403935,0.312064,-0.413884,0.9999,0.439837,0.292882,-0.443721,1.0,0.420331,0.301657,-0.345369,1.0,0.432962,0.331253,-0.415119,0.9999,0.426076,0.334129,-0.385107,0.9999,0.522377,0.300422,-0.435633,0.9995,0.443005,0.329719,-0.269967,0.9995,0.443631,0.257556,-0.667844,0.9902,0.301003,0.318839,-0.253694,0.9533,0.373977,0.178856,-0.852062,0.973,0.191724,0.251318,-0.302472,0.9783,0.353663,0.157687,-0.906433,0.9619,0.157341,0.235345,-0.331468,0.9675,0.34339,0.154978,-0.913806,0.9591,0.153717,0.230035,-0.342284,0.9652,0.35515,0.16431,-0.864169,0.9588,0.169752,0.237215,-0.314336,0.9659,0.694463,0.414675,-0.073052,1.0,0.646886,0.407177,0.074207,0.9999,0.655042,0.640256,-0.126601,0.9961,0.707183,0.41338,0.292909,0.9396,0.680432,0.839262,-0.141174,0.9983,0.803068,0.378247,0.479056,0.896,0.697436,0.858688,-0.144813,0.9967,0.803993,0.369866,0.495576,0.9032,0.635796,0.886535,-0.231724,0.9916,0.846631,0.374404,0.468285,0.8504
virabhadrasana_tf_0145,0.413668,0.327369,-0.377625,0.9999,0.410471,0.312268,-0.390469,0.9999,0.414575,0.309193,-0.389806,0.9999,0.419015,0.30585,-0.389112,0.9999,0.403104,0.314773,-0.364947,0.9999,0.401911,0.313676,-0.366279,0.9999,0.400482,0.31224,-0.36579,0.9999,0.4385,0.291938,-0.382215,0.9999,0.416901,0.302971,-0.289633,1.0,0.432558,0.328891,-0.371226,0.9999,0.4261,0.331883,-0.342867,0.9999,0.516878,0.300466,-0.399404,0.9994,0.447035,0.331102,-0.22057,0.9994,0.440754,0.254681,-0.631978,0.9919,0.319406,0.300689,-0.222314,0.9479,0.355102,0.180743,-0.799403,0.965,0.189,0.25245,-0.283731,0.9608,0.342189,0.158274,-0.848762,0.9526,0.154359,0.237987,-0.30158,0.9529,0.341859,0.159164,-0.846882,0.9446,0.151764,0.233405,-0.317204,0.948,0.341478,0.164524,-0.806771,0.9426,0.166339,0.238238,-0.296009,0.9526,0.695079,0.419274,-0.074626,0.9999,0.647486,0.414484,0.075793,0.9999,0.653507,0.637052,-0.116028,0.9966,0.700388,0.426361,0.235661,0.9481,0.679547,0.84169,-0.146773,0.9973,0.795342,0.364641,0.383956,0.8647,0.691836,0.86183,-0.15188,0.9951,0.801506,0.35358,0.395442,0.8539,0.6347,0.889815,-0.226965,0.9848,0.840332,0.38353,0.364563,0.7998
virabhadrasana_tf_0146,0.39594,0.347324,-0.417344,1.0,0.392843,0.328042,-0.435362,1.0,0.396974,0.324509,-0.434545,1.0,0.401201,0.320885,-0.433708,1.0,0.385575,0.331429,-0.407923,1.0,0.384736,0.330048,-0.409256,1.0,0.384214,0.32852,-0.408845,1.0,0.421996,0.305486,-0.437446,1.0,0.400129,0.315204,-0.338434,1.0,0.414659,0.348094,-0.412956,1.0,0.408033,0.351157,-0.382639,1.0,0.501617,0.317778,-0.434174,0.9997,0.425564,0.344314,-0.268996,0.9997,0.447425,0.27009,-0.67565,0.9931,0.295464,0.31686,-0.25782,0.9718,0.350922,0.193767,-0.866571,0.9745,0.179841,0.275006,-0.301177,0.9855,0.327923,0.173929,-0.919861,0.9601,0.14291,0.257291,-0.324189,0.9767,0.327792,0.173697,-0.923128,0.9564,0.140635,0.253688,-0.338682,0.9748,0.331966,0.179998,-0.87747,0.9544,0.153164,0.259637,-0.313921,0.9756,0.680807,0.428063,-0.074839,1.0,0.63368,0.41568,0.075998,1.0,0.64595,0.645211,-0.136497,0.9963,0.688237,0.42189,0.261859,0.9537,0.670573,0.840056,-0.14831,0.9979,0.79875,0.397195,0.425472,0.9183,0.682926,0.864007,-0.152744,0.9953,0.806705,0.38348,0.43983,0.906,0.629829,0.884795,-0.23662,0.991,0.843853,0.410997,0.403958,0.8956
virabhadrasana_tf_0147,0.37666,0.364519,-0.363999,1.0,0.370357,0.348567,-0.384533,1.0,0.37322,0.345983,-0.383562,1.0,0.376209,0.343627,-0.382909,1.0,0.365206,0.349227,-0.356022,1.0,0.363882,0.347467,-0.357051,1.0,0.363112,0.345743,-0.356638,1.0,0.394433,0.328988,-0.401954,1.0,0.377149,0.332913,-0.30006,1.0,0.394047,0.365191,-0.36335,1.0,0.388698,0.367586,-0.332008,1.0,0.478883,0.344836,-0.404529,0.9998,0.408668,0.358937,-0.234007,0.9998,0.417275,0.291636,-0.627192,0.9931,0.285136,0.335197,-0.224598,0.9494,0.323329,0.225415,-0.791994,0.9754,0.167884,0.299727,-0.283805,0.9713,0.304988,0.198176,-0.848515,0.9671,0.128251,0.286019,-0.312132,0.959,0.298602,0.194161,-0.851259,0.964,0.123162,0.282202,-0.325701,0.9569,0.300205,0.200606,-0.801106,0.9603,0.142665,0.287362,-0.296491,0.9579,0.664959,0.449651,-0.084009,1.0,0.624535,0.423632,0.085193,1.0,0.62763,0.653123,-0.127424,0.9977,0.710033,0.427033,0.313835,0.9573,0.655839,0.848344,-0.121014,0.999,0.803489,0.407383,0.524017,0.9599,0.668951,0.871781,-0.123662,0.9977,0.82601,0.399257,0.541722,0.9495,0.603541,0.892012,-0.205249,0.9967,0.838106,0.433381,0.523577,0.946
virabhadrasana_tf_0148,0.362844,0.382667,-0.281637,0.9999,0.354495,0.367948,-0.303746,0.9999,0.356573,0.365901,-0.302687,0.9999,0.358899,0.363719,-0.302265,0.9999,0.350365,0.368556,-0.272104,0.9999,0.349588,0.36691,-0.272949,0.9999,0.348968,0.365155,-0.272873,0.9999,0.376341,0.348174,-0.341603,0.9999,0.362555,0.351679,-0.221745,0.9999,0.379407,0.383031,-0.29002,0.9999,0.374982,0.38444,-0.254103,0.9999,0.452952,0.365108,-0.369971,0.9998,0.411084,0.359066,-0.153803,0.9997,0.36019,0.330605,-0.55814,0.9924,0.292708,0.338593,-0.114364,0.811,0.259039,0.266809,-0.670957,0.9741,0.154691,0.314138,-0.180474,0.9093,0.203345,0.258395,-0.727563,0.9667,0.120652,0.302203,-0.190295,0.9222,0.203305,0.255371,-0.714684,0.9606,0.115019,0.299524,-0.219085,0.9201,0.228943,0.256299,-0.673353,0.9459,0.130902,0.302999,-0.196918,0.9195,0.656528,0.462335,-0.08911,1.0,0.615247,0.446374,0.090452,0.9999,0.612512,0.664287,-0.119221,0.9978,0.657346,0.450606,0.281495,0.9002,0.639936,0.853266,-0.110895,0.9977,0.742455,0.420326,0.451082,0.8736,0.649364,0.876598,-0.113301,0.9949,0.755511,0.414658,0.465387,0.8369,0.578436,0.899882,-0.173764,0.9911,0.771713,0.42871,0.46659,0.83
virabhadrasana_tf_0149,0.360693,0.383242,-0.243736,1.0,0.353168,0.368495,-0.268731,1.0,0.355634,0.366072,-0.267717,1.0,0.358232,0.363499,-0.267345,1.0,0.349265,0.369018,-0.235569,1.0,0.348678,0.367245,-0.236379,1.0,0.348277,0.365272,-0.236186,1.0,0.376907,0.346152,-0.309186,1.0,0.36305,0.350841,-0.186572,1.0,0.378028,0.382742,-0.252046,1.0,0.373683,0.384096,-0.214852,1.0,0.454441,0.35999,-0.337383,0.9999,0.413996,0.355833,-0.123184,0.9999,0.372661,0.332118,-0.559389,0.9935,0.291157,0.333716,-0.067271,0.8592,0.286674,0.2612,-0.708133,0.9837,0.157113,0.314445,-0.109022,0.9613,0.269434,0.237256,-0.763452,0.9815,0.124473,0.30276,-0.123091,0.9636,0.268115,0.235102,-0.756261,0.9791,0.122091,0.29732,-0.145392,0.9619,0.271496,0.240409,-0.711705,0.9718,0.13225,0.30177,-0.122472,0.96,0.652663,0.467174,-0.084885,1.0,0.631047,0.44153,0.085944,1.0,0.607669,0.669775,-0.12657,0.9983,0.709756,0.447202,0.366615,0.9222,0.635919,0.855722,-0.127891,0.999,0.808335,0.431455,0.602105,0.912,0.653247,0.87672,-0.129686,0.9986,0.829127,0.421368,0.622151,0.9118,0.585109,0.898605,-0.204407,0.9966,0.82974,0.453666,0.606091,0.8751
virabhadrasana_tf_0150,0.284517,0.396211,0.375809,0.9964,0.277718,0.386379,0.35363,0.9975,0.276635,0.387206,0.353782,0.9976,0.275355,0.388047,0.353737,0.9981,0.285846,0.380655,0.376443,0.9978,0.288378,0.379632,0.37595,0.9977,0.290385,0.378666,0.376241,0.9981,0.279644,0.388128,0.258478,0.9951,0.305085,0.373426,0.349645,0.9961,0.291624,0.403598,0.340648,0.9951,0.300794,0.397161,0.369455,0.9924,0.301321,0.42505,0.134073,0.9998,0.389666,0.377344,0.325959,0.9997,0.343158,0.431624,-0.040458,0.1568,0.491629,0.362424,0.250996,0.0553,0.374929,0.448477,-0.172691,0.2068,0.516618,0.428254,0.136167,0.1288,0.38425,0.450982,-0.224328,0.279,0.532438,0.442811,0.124968,0.1743,0.381552,0.449299,-0.222159,0.2941,0.529743,0.438188,0.113788,0.1669,0.380563,0.447657,-0.177029,0.272,0.525649,0.437634,0.129513,0.1816,0.4392,0.505004,-0.072503,0.9999,0.510708,0.450943,0.073615,0.9999,0.413899,0.707295,-0.054348,0.998,0.667609,0.47991,0.039879,0.976,0.44993,0.897589,-0.166769,0.9983,0.857629,0.47241,-0.01326,0.9915,0.472058,0.925331,-0.178455,0.9894,0.881947,0.46943,-0.016549,0.9769,0.381774,0.939993,-0.218949,0.9918,0.891568,0.529069,-0.039176,0.9703
virabhadrasana_tf_0151,0.305199,0.387668,0.40926,0.9992,0.289769,0.386401,0.387019,0.9995,0.288648,0.387038,0.387007,0.9995,0.287335,0.387645,0.386988,0.9996,0.303956,0.377496,0.404961,0.9996,0.300425,0.378377,0.404402,0.9996,0.310522,0.370723,0.404797,0.9997,0.291377,0.38662,0.283077,0.9991,0.314428,0.368204,0.353054,0.9994,0.304021,0.399627,0.369568,0.999,0.31622,0.394053,0.392571,0.9987,0.309859,0.429193,0.150013,1.0,0.400663,0.379993,0.318171,0.9999,0.356393,0.420705,0.003096,0.1576,0.48432,0.373614,0.239596,0.0367,0.386926,0.436665,-0.084494,0.2426,0.515771,0.434087,0.135675,0.0891,0.394118,0.439481,-0.136198,0.2944,0.52649,0.445737,0.12815,0.1214,0.39047,0.438614,-0.135669,0.3158,0.522928,0.447773,0.118823,0.1177,0.390465,0.435522,-0.089079,0.2985,0.518269,0.445736,0.130455,0.1322,0.436006,0.505736,-0.066968,1.0,0.507627,0.464233,0.067875,1.0,0.416842,0.697705,-0.067716,0.9996,0.660468,0.46027,0.046524,0.981,0.504011,0.843983,-0.195788,0.9992,0.848989,0.464114,-0.019512,0.9938,0.525805,0.855139,-0.207837,0.9905,0.865604,0.499735,-0.025186,0.971,0.465138,0.916533,-0.248232,0.9952,0.881775,0.512724,-0.03861,0.9753
virabhadrasana_tf_0152,0.314023,0.39384,0.388097,0.9964,0.305609,0.389695,0.366621,0.9977,0.303564,0.391236,0.366797,0.9979,0.297559,0.388773,0.366551,0.998,0.312746,0.383294,0.387797,0.9981,0.315651,0.380276,0.387174,0.9984,0.318644,0.377227,0.387655,0.9983,0.300083,0.389048,0.270735,0.9956,0.323331,0.375996,0.351785,0.9975,0.318587,0.399291,0.351937,0.9948,0.32603,0.392652,0.379107,0.9934,0.313754,0.422934,0.144018,0.9999,0.411013,0.381875,0.316801,0.9999,0.334177,0.409099,-0.039733,0.2214,0.497744,0.36765,0.257374,0.038,0.347468,0.415378,-0.14336,0.4366,0.515449,0.431976,0.175804,0.0607,0.348762,0.415017,-0.197553,0.4739,0.520984,0.448608,0.1705,0.0781,0.347695,0.414149,-0.199437,0.4982,0.518416,0.447312,0.162227,0.0764,0.349437,0.413299,-0.148765,0.4491,0.516289,0.444487,0.170914,0.0893,0.436738,0.508235,-0.060836,1.0,0.506245,0.463829,0.061845,1.0,0.419418,0.709207,-0.047122,0.9997,0.668207,0.446738,0.039729,0.9874,0.482171,0.847856,-0.181318,0.9992,0.842899,0.454014,-0.017646,0.9954,0.502979,0.860599,-0.191883,0.9944,0.86668,0.458118,-0.022236,0.9789,0.406803,0.927131,-0.218531,0.995,0.886155,0.506203,-0.021626,0.979
virabhadrasana_tf_0153,0.318039,0.386309,0.413158,0.9907,0.308181,0.392238,0.392415,0.9938,0.305841,0.39359,0.39257,0.9944,0.303584,0.394691,0.39241,0.994,0.318578,0.381373,0.408778,0.9946,0.320976,0.379237,0.407972,0.9957,0.325227,0.373635,0.408235,0.9953,0.303794,0.397186,0.299038,0.9887,0.329427,0.372136,0.357499,0.9934,0.32262,0.404387,0.377782,0.9867,0.334449,0.393676,0.397952,0.9838,0.314718,0.434558,0.167911,0.9998,0.416555,0.378947,0.302024,0.9998,0.347199,0.44273,-0.012642,0.1724,0.504912,0.358984,0.235195,0.1075,0.373256,0.436944,-0.10861,0.161,0.517782,0.421525,0.197851,0.0441,0.376738,0.432874,-0.157983,0.1851,0.522766,0.434523,0.199804,0.0462,0.37814,0.428386,-0.155764,0.2032,0.516535,0.439578,0.200269,0.0457,0.378509,0.428724,-0.112029,0.1969,0.512499,0.438083,0.198,0.0546,0.427222,0.510024,-0.049177,1.0,0.495165,0.45778,0.050292,0.9999,0.420511,0.715714,-0.036194,0.9997,0.673228,0.43937,0.029818,0.9916,0.445472,0.895963,-0.180967,0.9992,0.836407,0.447109,-0.031714,0.9962,0.46479,0.913605,-0.18973,0.994,0.858937,0.447776,-0.034093,0.9854,0.396294,0.938633,-0.200985,0.9917,0.878501,0.500829,-0.019151,0.9762
virabhadrasana_tf_0154,0.34108,0.397748,0.402418,0.9977,0.332482,0.388334,0.386077,0.9986,0.327634,0.392779,0.386096,0.9989,0.325083,0.393407,0.385916,0.9986,0.339179,0.385674,0.405491,0.9985,0.343535,0.381146,0.404681,0.999,0.345251,0.380043,0.405458,0.9986,0.325667,0.390752,0.302164,0.9974,0.347959,0.374561,0.374936,0.9985,0.341831,0.400145,0.368622,0.9964,0.349182,0.397862,0.395098,0.9949,0.331588,0.424965,0.178395,0.9999,0.429279,0.383063,0.329673,0.9999,0.345339,0.418504,0.001494,0.4291,0.521995,0.360426,0.267887,0.1345,0.36487,0.408856,-0.064783,0.3627,0.537256,0.417172,0.241305,0.0856,0.365184,0.401897,-0.114287,0.3807,0.548683,0.416641,0.240698,0.0935,0.367152,0.400648,-0.117345,0.4218,0.548506,0.435497,0.241466,0.0911,0.367914,0.401877,-0.06946,0.411,0.546831,0.435414,0.24009,0.0986,0.428578,0.497554,-0.057665,1.0,0.496634,0.459236,0.05834,1.0,0.418268,0.707623,-0.047422,0.9999,0.656456,0.439391,0.033465,0.9947,0.445018,0.893549,-0.198946,0.9996,0.821786,0.436276,-0.02699,0.9977,0.48033,0.857541,-0.207711,0.9965,0.842488,0.470503,-0.031907,0.9923,0.39629,0.935725,-0.210914,0.9981,0.866886,0.488217,-0.00769,0.9919
virabhadrasana_tf_0155,0.34817,0.382023,0.459819,0.9976,0.340256,0.377434,0.445571,0.9988,0.334855,0.383179,0.445617,0.9991,0.332195,0.384876,0.44555,0.9989,0.348296,0.370329,0.455703,0.999,0.349851,0.369283,0.45507,0.9994,0.350959,0.368485,0.456001,0.9992,0.328996,0.388438,0.358864,0.9987,0.350019,0.367901,0.389256,0.9993,0.349056,0.387639,0.424588,0.9974,0.359265,0.381038,0.438535,0.9968,0.321353,0.442812,0.23553,0.9999,0.427877,0.358694,0.331542,0.9999,0.348446,0.417201,0.181181,0.2685,0.499506,0.371727,0.288321,0.111,0.372784,0.39096,0.252677,0.2939,0.523453,0.413445,0.300144,0.068,0.355954,0.385615,0.220608,0.3177,0.53975,0.412464,0.307346,0.0813,0.361807,0.380394,0.211042,0.3586,0.539273,0.42578,0.305873,0.0835,0.374012,0.378919,0.248044,0.3423,0.535651,0.424543,0.30102,0.0866,0.429974,0.508076,-0.045768,1.0,0.504374,0.445504,0.046354,1.0,0.421898,0.698142,-0.066927,1.0,0.64474,0.433656,-0.010983,0.9974,0.502328,0.814649,-0.238027,0.9996,0.812254,0.458587,-0.086111,0.9985,0.520392,0.825129,-0.25084,0.9975,0.833999,0.465309,-0.091595,0.9934,0.483245,0.870621,-0.270767,0.9985,0.860381,0.466597,-0.070795,0.9933
virabhadrasana_tf_0156,0.416505,0.403489,0.402306,0.9207,0.414994,0.406584,0.403454,0.9054,0.411374,0.408001,0.402473,0.9164,0.408094,0.409318,0.401673,0.8976,0.425597,0.400935,0.412366,0.9325,0.429524,0.39796,0.410632,0.946,0.433435,0.394981,0.412323,0.946,0.403011,0.406688,0.314245,0.8863,0.439151,0.387637,0.356972,0.9627,0.408018,0.404079,0.358126,0.9432,0.420454,0.396628,0.378286,0.9608,0.368294,0.399495,0.16857,0.9983,0.450942,0.363123,0.263033,0.9996,0.317836,0.33384,-0.043427,0.1972,0.462718,0.349813,0.17729,0.0701,0.346446,0.381724,-0.071795,0.2391,0.506388,0.387864,0.115639,0.0375,0.347495,0.384031,-0.138842,0.2867,0.506654,0.392248,0.11337,0.0378,0.35405,0.391323,-0.14312,0.3196,0.513481,0.396035,0.127262,0.0436,0.353939,0.389463,-0.079603,0.262,0.51104,0.392361,0.117292,0.0458,0.415591,0.474941,-0.018419,1.0,0.488781,0.427853,0.0187,1.0,0.399652,0.619177,-0.098692,0.9985,0.620715,0.43114,-0.085737,0.9758,0.375255,0.722218,-0.254204,0.9898,0.717675,0.46656,-0.129964,0.9775,0.378686,0.732276,-0.258736,0.9952,0.728856,0.472553,-0.127838,0.9765,0.355608,0.75428,-0.262302,0.9792,0.732238,0.468943,-0.089452,0.9544
virabhadrasana_tf_0157,0.445533,0.401151,-0.613726,0.9988,0.445448,0.379781,-0.621347,0.9988,0.447031,0.380697,-0.61995,0.999,0.448768,0.380867,-0.620124,0.9992,0.438965,0.376372,-0.624978,0.9978,0.437761,0.376024,-0.625437,0.997,0.433146,0.37422,-0.62435,0.9957,0.464084,0.384353,-0.539379,0.9992,0.426492,0.379314,-0.55937,0.9958,0.451252,0.405436,-0.57545,0.9996,0.441497,0.405333,-0.581529,0.999,0.505869,0.393602,-0.360304,0.9999,0.380506,0.379719,-0.402585,0.9995,0.60108,0.352979,-0.306839,0.9924,0.308508,0.306509,-0.222551,0.8426,0.646414,0.431008,-0.271351,0.9761,0.354631,0.390075,-0.084213,0.4309,0.662743,0.455718,-0.281729,0.9202,0.359827,0.412421,-0.059047,0.3044,0.649973,0.456151,-0.307321,0.9275,0.370109,0.419463,-0.081611,0.3068,0.636373,0.451869,-0.27703,0.9187,0.368646,0.415676,-0.084016,0.3276,0.486249,0.452748,-0.003188,0.9989,0.4112,0.477686,0.005678,0.9995,0.572455,0.384723,-0.024288,0.8897,0.395645,0.642633,0.007837,0.9808,0.624865,0.424886,0.005142,0.7196,0.392118,0.816453,0.011417,0.9504,0.623762,0.436844,0.004123,0.7029,0.405168,0.840898,0.005257,0.8626,0.657756,0.426728,-0.068049,0.8145,0.375295,0.868987,-0.10178,0.9185
virabhadrasana_tf_0160,0.557353,0.415335,0.45321,0.9782,0.558118,0.411525,0.46168,0.9875,0.556951,0.410705,0.462871,0.9829,0.555723,0.409983,0.462923,0.988,0.560764,0.411991,0.451509,0.9916,0.561577,0.412017,0.45061,0.989,0.5624,0.412077,0.451077,0.9926,0.549834,0.405634,0.458247,0.9828,0.557112,0.408593,0.392407,0.9937,0.549263,0.414391,0.449642,0.9916,0.552776,0.41616,0.428365,0.9952,0.508932,0.409716,0.377644,0.9996,0.545318,0.402238,0.272571,1.0,0.500787,0.41777,0.274841,0.1553,0.549212,0.427885,0.200935,0.2722,0.534252,0.42799,0.160555,0.0847,0.569401,0.432016,0.221847,0.0589,0.539751,0.430424,0.137325,0.1544,0.564442,0.440962,0.242796,0.0902,0.54062,0.428093,0.155483,0.138,0.559477,0.439921,0.248084,0.0772,0.538818,0.425906,0.165096,0.1209,0.558032,0.439409,0.232293,0.0781,0.404576,0.473896,0.060205,0.9999,0.422866,0.442836,-0.058782,0.9999,0.418812,0.645929,-0.004581,0.8341,0.371987,0.451825,-0.19706,0.9548,0.384318,0.624485,-0.226459,0.7255,0.327697,0.411409,-0.439504,0.7775,0.376505,0.615072,-0.252975,0.8264,0.321548,0.402953,-0.45685,0.8879,0.378994,0.629458,-0.279859,0.7282,0.314556,0.406873,-0.491332,0.8388
virabhadrasana_tf_0161,0.587483,0.422004,0.366531,0.9989,0.590714,0.422767,0.373917,0.9984,0.589055,0.422526,0.375229,0.998,0.587374,0.42241,0.374864,0.9987,0.594922,0.421197,0.35802,0.9992,0.596288,0.420291,0.356461,0.9992,0.597688,0.419437,0.357726,0.9995,0.578476,0.41784,0.383985,0.9985,0.590463,0.41308,0.291768,0.9997,0.575049,0.427717,0.365704,0.9987,0.579852,0.425702,0.336264,0.9993,0.528989,0.42579,0.336423,0.9992,0.5721,0.411023,0.210301,1.0,0.570209,0.464886,0.284525,0.3155,0.616286,0.436969,0.22723,0.6218,0.58495,0.445796,0.259644,0.1614,0.580968,0.445989,0.39513,0.0295,0.581186,0.444659,0.259189,0.3409,0.574172,0.446307,0.437023,0.0521,0.581677,0.437047,0.2661,0.3017,0.568299,0.448422,0.445204,0.0413,0.582949,0.437539,0.261859,0.2531,0.573468,0.446843,0.40893,0.0489,0.414819,0.478305,0.032903,0.9995,0.430212,0.441281,-0.031678,0.9998,0.397705,0.636837,-0.150814,0.9326,0.372051,0.443172,-0.359539,0.9843,0.36447,0.711537,-0.335245,0.6972,0.263126,0.418843,-0.685889,0.8423,0.339334,0.718383,-0.36536,0.9232,0.231447,0.420723,-0.716587,0.9843,0.392646,0.740792,-0.410872,0.8884,0.270915,0.408545,-0.764699,0.9679
virabhadrasana_tf_0162,0.594615,0.444419,0.257268,0.9989,0.594045,0.447476,0.279137,0.9982,0.59262,0.448719,0.280512,0.9974,0.591455,0.449958,0.280117,0.9987,0.598059,0.443673,0.26162,0.9991,0.59774,0.443196,0.260458,0.9989,0.597799,0.436096,0.261528,0.9995,0.58456,0.441721,0.363971,0.9983,0.59009,0.425691,0.260237,0.9996,0.582652,0.447068,0.280682,0.997,0.584236,0.444287,0.249971,0.9986,0.529787,0.458948,0.334861,0.9975,0.578309,0.407642,0.184735,1.0,0.588275,0.484858,0.279513,0.1223,0.633457,0.423827,0.176701,0.801,0.598865,0.428025,0.275303,0.0415,0.589071,0.47179,0.334929,0.095,0.600402,0.414118,0.284755,0.0543,0.578104,0.483397,0.37103,0.0769,0.594704,0.411933,0.306573,0.0472,0.571339,0.483665,0.386864,0.0649,0.595741,0.418396,0.285382,0.0453,0.572948,0.473589,0.351648,0.062,0.391205,0.484098,0.056546,0.9995,0.4088,0.434727,-0.054886,1.0,0.390571,0.66243,-0.092366,0.7233,0.353662,0.457532,-0.405701,0.9894,0.367424,0.794616,-0.281304,0.5737,0.210122,0.401307,-0.75068,0.9773,0.346781,0.810887,-0.312727,0.8044,0.159866,0.409453,-0.784143,0.9824,0.392693,0.873481,-0.358661,0.7049,0.188344,0.442052,-0.896353,0.9803
virabhadrasana_tf_0163,0.577972,0.43383,0.264894,0.9999,0.581481,0.421835,0.275649,0.9998,0.580039,0.421165,0.276868,0.9996,0.578667,0.420378,0.276924,0.9998,0.585109,0.421268,0.248856,0.9999,0.586894,0.420042,0.248052,0.9999,0.587959,0.418995,0.249042,0.9999,0.571494,0.408427,0.322669,0.9997,0.581045,0.407758,0.183726,0.9999,0.569413,0.43729,0.279312,0.9996,0.572184,0.436254,0.238199,0.9998,0.514079,0.42465,0.324021,0.9995,0.569492,0.399709,0.096401,1.0,0.542126,0.457683,0.409107,0.0674,0.646535,0.435177,0.167765,0.9636,0.546799,0.46378,0.43551,0.0357,0.620288,0.468154,0.405545,0.3548,0.571144,0.467725,0.443725,0.0571,0.609706,0.477891,0.448674,0.3343,0.571518,0.466052,0.452643,0.0524,0.602794,0.476654,0.455505,0.2726,0.546799,0.459482,0.437908,0.0427,0.603911,0.474143,0.421258,0.2231,0.377034,0.481029,0.070774,0.9997,0.39434,0.447667,-0.068877,1.0,0.382127,0.661413,-0.048148,0.908,0.29669,0.45151,-0.386299,0.9989,0.361066,0.831309,-0.168609,0.9561,0.143202,0.387841,-0.63742,0.9979,0.341079,0.834839,-0.190647,0.9649,0.122011,0.365764,-0.655995,0.9947,0.385952,0.912146,-0.214313,0.9515,0.098671,0.410463,-0.724138,0.9965
virabhadrasana_tf_0164,0.590737,0.420774,0.267444,1.0,0.592413,0.409438,0.27639,1.0,0.590733,0.408297,0.277618,1.0,0.588686,0.405186,0.278039,1.0,0.594977,0.409632,0.248686,1.0,0.59526,0.408654,0.247882,1.0,0.595552,0.40749,0.249275,1.0,0.573913,0.392633,0.320007,1.0,0.584993,0.393422,0.175667,1.0,0.580449,0.423494,0.280481,0.9999,0.582931,0.423406,0.237885,1.0,0.510384,0.41039,0.342957,0.9999,0.56489,0.398103,0.091001,1.0,0.548316,0.430271,0.475003,0.1208,0.657278,0.425179,0.194358,0.978,0.566576,0.434561,0.562565,0.101,0.641164,0.455613,0.441369,0.6503,0.571665,0.436696,0.576792,0.1376,0.6307,0.46397,0.475628,0.6716,0.569193,0.429676,0.580054,0.131,0.622604,0.463873,0.482632,0.592,0.568019,0.431233,0.563431,0.1142,0.6227,0.461786,0.455201,0.5141,0.365408,0.48695,0.073659,0.9999,0.380327,0.45407,-0.072121,1.0,0.376446,0.668499,-0.059723,0.9287,0.287181,0.458961,-0.332918,0.9975,0.355448,0.85014,-0.190597,0.9787,0.114668,0.39295,-0.499532,0.9956,0.345886,0.881642,-0.211217,0.9852,0.094914,0.370963,-0.510357,0.9933,0.394596,0.894252,-0.225026,0.9795,0.076465,0.439421,-0.553866,0.9949
virabhadrasana_tf_0165,0.595198,0.430403,0.227647,1.0,0.599675,0.418514,0.242633,1.0,0.598879,0.417594,0.243942,0.9999,0.598055,0.416515,0.244427,1.0,0.603033,0.417597,0.212029,1.0,0.603879,0.416661,0.211321,1.0,0.604929,0.415311,0.212616,1.0,0.58398,0.402782,0.31038,1.0,0.589728,0.400114,0.153882,1.0,0.584341,0.431433,0.249453,0.9999,0.586055,0.431854,0.203351,0.9999,0.510812,0.42006,0.344663,0.9998,0.570105,0.395741,0.075501,1.0,0.540307,0.446364,0.505421,0.0517,0.652238,0.413456,0.155479,0.9736,0.558063,0.431868,0.615046,0.0493,0.661673,0.438767,0.398644,0.6337,0.562249,0.430446,0.626976,0.065,0.654975,0.450309,0.430816,0.6853,0.561353,0.423228,0.63197,0.0611,0.649785,0.456177,0.436615,0.6042,0.560824,0.426362,0.616017,0.0586,0.647867,0.450444,0.410319,0.5033,0.363152,0.490777,0.079101,0.9999,0.37873,0.45837,-0.077285,1.0,0.377252,0.673369,-0.062745,0.9136,0.26732,0.452257,-0.321462,0.9963,0.354197,0.85747,-0.202911,0.9768,0.096391,0.39572,-0.458313,0.9945,0.339947,0.876832,-0.223013,0.986,0.074539,0.375126,-0.466873,0.9908,0.402455,0.894295,-0.243261,0.9848,0.058848,0.447212,-0.514489,0.9954
virabhadrasana_tf_0166,0.599007,0.422176,0.194664,1.0,0.602832,0.408587,0.205767,1.0,0.601085,0.405336,0.207065,1.0,0.599713,0.403998,0.207423,1.0,0.606716,0.40722,0.1761,1.0,0.607031,0.403887,0.175425,1.0,0.607682,0.402161,0.176555,1.0,0.58836,0.392589,0.261993,1.0,0.595126,0.390454,0.110859,1.0,0.588511,0.427082,0.214085,0.9999,0.590731,0.426933,0.169464,1.0,0.514956,0.412835,0.311226,0.9998,0.569626,0.394852,0.021151,1.0,0.540048,0.438347,0.459058,0.0554,0.656976,0.42171,0.099812,0.9756,0.561954,0.443223,0.56024,0.1172,0.672936,0.440087,0.343626,0.8437,0.571681,0.44188,0.571525,0.1657,0.667582,0.448151,0.368118,0.8481,0.573381,0.440785,0.568492,0.1647,0.663827,0.455763,0.37094,0.8022,0.573782,0.439785,0.558574,0.1599,0.663024,0.454269,0.35412,0.7248,0.364064,0.494444,0.075236,0.9999,0.375955,0.457332,-0.073615,1.0,0.372785,0.672964,-0.071425,0.889,0.254477,0.446335,-0.289664,0.9921,0.350948,0.855945,-0.191321,0.974,0.086877,0.398453,-0.404297,0.9925,0.337134,0.87912,-0.210548,0.9731,0.065055,0.377354,-0.412344,0.9811,0.396322,0.897094,-0.241035,0.9805,0.046736,0.439369,-0.466128,0.993
virabhadrasana_tf_0167,0.602468,0.437547,0.150655,1.0,0.60792,0.421592,0.162839,1.0,0.607294,0.419551,0.164277,1.0,0.606558,0.417294,0.164612,1.0,0.608543,0.420954,0.131973,1.0,0.608509,0.418387,0.131108,1.0,0.608373,0.415034,0.13261,1.0,0.593853,0.401467,0.231349,1.0,0.596448,0.399555,0.073532,1.0,0.592376,0.439487,0.175529,1.0,0.593462,0.438428,0.129448,1.0,0.525946,0.430586,0.298063,0.9997,0.564513,0.398426,-0.008488,0.9999,0.557206,0.438804,0.461213,0.0628,0.65062,0.416312,0.022975,0.9711,0.58924,0.424851,0.552994,0.094,0.699218,0.437324,0.197677,0.8318,0.595086,0.423517,0.564004,0.1025,0.704216,0.445272,0.214369,0.8423,0.594874,0.416742,0.55981,0.1019,0.699539,0.446623,0.215851,0.7939,0.593771,0.419861,0.550515,0.1122,0.695087,0.442755,0.205405,0.6881,0.369409,0.505908,0.081577,0.9999,0.371367,0.464829,-0.07997,1.0,0.383064,0.668568,-0.030232,0.9722,0.238383,0.439982,-0.238063,0.9974,0.358734,0.855524,-0.096832,0.9923,0.068982,0.398667,-0.301762,0.9976,0.342702,0.880203,-0.109616,0.9869,0.050059,0.382546,-0.306016,0.9897,0.402063,0.887487,-0.146879,0.9936,0.03664,0.418724,-0.368779,0.9973
virabhadrasana_tf_0168,0.617285,0.430274,0.121154,1.0,0.621741,0.416421,0.132353,1.0,0.62074,0.415185,0.133686,1.0,0.619806,0.413702,0.133777,1.0,0.622867,0.415284,0.10256,1.0,0.622572,0.413284,0.102251,1.0,0.622334,0.410991,0.102978,1.0,0.60705,0.399713,0.189736,1.0,0.609483,0.397666,0.040696,1.0,0.60683,0.433739,0.143559,1.0,0.608174,0.43248,0.100841,1.0,0.548019,0.420396,0.258488,0.9998,0.577242,0.407375,-0.057707,0.9999,0.618596,0.42617,0.398995,0.259,0.661108,0.425512,-0.073504,0.9874,0.692135,0.423383,0.444896,0.3014,0.740186,0.422331,-0.000436,0.9905,0.709713,0.414028,0.45394,0.2871,0.754233,0.422657,-0.008891,0.9884,0.711837,0.417706,0.448392,0.2839,0.750695,0.418568,-0.011173,0.984,0.705234,0.409698,0.440642,0.3235,0.743601,0.418876,0.004041,0.9694,0.37367,0.500317,0.080248,1.0,0.375077,0.463102,-0.078147,1.0,0.393081,0.667156,-0.013799,0.9875,0.22018,0.430384,-0.149694,0.9986,0.364962,0.841327,-0.052266,0.9922,0.051893,0.40993,-0.180259,0.9988,0.351775,0.873487,-0.061079,0.9818,0.029562,0.392102,-0.184318,0.9913,0.412211,0.881922,-0.111475,0.9892,0.013611,0.465118,-0.276777,0.9964
virabhadrasana_tf_0169,0.637209,0.441882,0.00284,1.0,0.644734,0.427299,0.014148,0.9999,0.64413,0.425963,0.015365,0.9999,0.643116,0.424616,0.015504,0.9999,0.644678,0.426008,-0.017207,0.9999,0.644098,0.423713,-0.017631,0.9999,0.643577,0.421061,-0.017271,0.9999,0.630874,0.410144,0.082884,0.9999,0.632921,0.408525,-0.073206,0.9999,0.626155,0.444259,0.029462,0.9998,0.625811,0.442739,-0.014117,0.9997,0.57277,0.420281,0.164569,0.9993,0.590919,0.411984,-0.168209,0.9997,0.645512,0.413383,0.223349,0.1192,0.68729,0.419981,-0.278983,0.9937,0.707312,0.398222,0.121149,0.2244,0.77787,0.407104,-0.267979,0.993,0.708152,0.392881,0.11245,0.2476,0.798223,0.408381,-0.300855,0.986,0.723115,0.392607,0.090454,0.2484,0.799011,0.405257,-0.28662,0.9819,0.712231,0.396103,0.106179,0.2803,0.792617,0.40426,-0.262311,0.9703,0.391974,0.498194,0.088604,0.9999,0.387744,0.466082,-0.086921,0.9998,0.409892,0.672279,0.007659,0.9831,0.234614,0.440292,-0.138744,0.999,0.381334,0.840512,0.010679,0.9887,0.05718,0.416541,-0.14181,0.9972,0.366104,0.870268,0.001942,0.9669,0.032825,0.400358,-0.147838,0.9837,0.433219,0.874617,-0.071148,0.9788,0.02294,0.452367,-0.254178,0.9916
virabhadrasana_tf_0170,0.650345,0.450388,-0.0282,0.9999,0.65687,0.435544,-0.017821,0.9997,0.656186,0.433451,-0.016669,0.9998,0.655365,0.430616,-0.016666,0.9997,0.656574,0.434965,-0.050881,0.9997,0.655791,0.432697,-0.051257,0.9997,0.654966,0.429736,-0.050921,0.9996,0.643176,0.413007,0.04683,0.9996,0.644158,0.414119,-0.115377,0.9998,0.638731,0.451319,-0.002676,0.9993,0.638431,0.45095,-0.047932,0.9991,0.584353,0.418866,0.122951,0.999,0.602496,0.4208,-0.199143,0.999,0.680096,0.409569,0.187754,0.0748,0.698592,0.422213,-0.31705,0.9844,0.768838,0.402539,0.06989,0.1391,0.79654,0.404053,-0.305065,0.9791,0.792955,0.398102,0.054195,0.1828,0.816981,0.40587,-0.334626,0.9657,0.788306,0.392438,0.03073,0.181,0.818599,0.400268,-0.324127,0.9556,0.785892,0.394085,0.053388,0.2002,0.81038,0.399065,-0.300391,0.9339,0.400343,0.499447,0.085908,0.9997,0.39698,0.473761,-0.084211,0.9995,0.425502,0.667676,0.016722,0.982,0.235916,0.445386,-0.148276,0.9982,0.394676,0.839964,0.021115,0.992,0.066174,0.423694,-0.143206,0.996,0.379905,0.871519,0.012178,0.9757,0.037942,0.407889,-0.149056,0.9784,0.453477,0.867752,-0.060834,0.984,0.022744,0.483206,-0.258175,0.9844
virabhadrasana_tf_0171,0.665025,0.44812,-0.041863,0.9998,0.672897,0.434689,-0.030048,0.9997,0.67242,0.433112,-0.028927,0.9997,0.671858,0.431377,-0.028788,0.9997,0.67243,0.433378,-0.062108,0.9997,0.671784,0.431081,-0.06257,0.9997,0.671045,0.428458,-0.06221,0.9996,0.658126,0.41571,0.041388,0.9994,0.658414,0.413322,-0.118643,0.9997,0.653152,0.449379,-0.014227,0.9989,0.65288,0.447971,-0.05933,0.9988,0.589293,0.424749,0.120549,0.9986,0.605792,0.414952,-0.208449,0.9991,0.682197,0.414769,0.182427,0.1188,0.708687,0.418036,-0.323361,0.9834,0.758937,0.402457,0.068011,0.2286,0.80494,0.401721,-0.306547,0.9793,0.775264,0.398096,0.053064,0.2565,0.827402,0.400669,-0.338353,0.9651,0.785752,0.397035,0.02818,0.2628,0.827706,0.398259,-0.325825,0.9558,0.784322,0.399827,0.050332,0.2934,0.82091,0.398131,-0.301269,0.9271,0.403612,0.511225,0.090509,0.9998,0.397738,0.471515,-0.089084,0.9998,0.430731,0.670627,0.045825,0.9644,0.237561,0.445866,-0.129666,0.9985,0.401028,0.842656,0.067297,0.986,0.074722,0.423416,-0.099862,0.9982,0.384205,0.866879,0.059977,0.9618,0.049308,0.40644,-0.103734,0.9826,0.456665,0.865787,-0.005899,0.975,0.036801,0.466564,-0.212659,0.9921
virabhadrasana_tf_0172,0.687556,0.448686,-0.064599,0.9996,0.694923,0.430785,-0.052953,0.9988,0.694307,0.428924,-0.051888,0.9992,0.693573,0.426864,-0.051756,0.9988,0.694284,0.429781,-0.085865,0.9988,0.693282,0.427326,-0.086426,0.999,0.69219,0.424633,-0.085965,0.9983,0.678046,0.41212,0.015939,0.9988,0.678361,0.41219,-0.145988,0.999,0.676152,0.450582,-0.03784,0.9977,0.675353,0.449778,-0.08283,0.9971,0.613778,0.426273,0.101911,0.9985,0.627123,0.423219,-0.225816,0.9989,0.71032,0.411787,0.182829,0.1085,0.731444,0.42409,-0.339459,0.984,0.789745,0.403874,0.065871,0.208,0.829276,0.406984,-0.341917,0.9787,0.809688,0.396088,0.056319,0.2231,0.851825,0.404184,-0.373708,0.9623,0.806857,0.394558,0.028733,0.2271,0.852529,0.399914,-0.356142,0.9509,0.799158,0.387781,0.047797,0.2627,0.845418,0.399711,-0.334742,0.9279,0.428576,0.503691,0.09672,0.9997,0.420846,0.473246,-0.095243,0.9996,0.451881,0.66862,0.075983,0.9656,0.261444,0.457491,-0.128475,0.9988,0.426042,0.839434,0.120944,0.9834,0.090792,0.439252,-0.090834,0.9973,0.410437,0.864691,0.116934,0.9661,0.062747,0.422369,-0.093492,0.9857,0.480657,0.861063,0.056511,0.976,0.044431,0.496046,-0.200193,0.9892
virabhadrasana_tf_0173,0.694393,0.45,-0.055767,0.9994,0.701589,0.434614,-0.047458,0.9978,0.701033,0.432723,-0.046244,0.9986,0.700357,0.430077,-0.046028,0.9979,0.700662,0.433641,-0.081594,0.9978,0.69957,0.431349,-0.08215,0.9983,0.698519,0.428728,-0.081537,0.9967,0.685892,0.414922,0.011112,0.9977,0.686293,0.416528,-0.157222,0.9981,0.682836,0.451164,-0.032451,0.9966,0.682354,0.450528,-0.079043,0.9958,0.616183,0.417377,0.090513,0.9982,0.637027,0.422984,-0.225654,0.9993,0.637463,0.367681,0.185714,0.0593,0.740794,0.421756,-0.341036,0.9949,0.680455,0.318197,0.076146,0.127,0.838794,0.404827,-0.348354,0.9939,0.680209,0.303602,0.066955,0.1579,0.8615,0.403016,-0.377891,0.9895,0.688544,0.3027,0.042597,0.1612,0.862059,0.399294,-0.363681,0.9863,0.689308,0.310153,0.060481,0.1866,0.855968,0.398304,-0.340708,0.9758,0.435857,0.506199,0.096797,0.9997,0.42316,0.475039,-0.095497,0.9996,0.463648,0.665341,0.0887,0.9656,0.260841,0.457188,-0.121672,0.9992,0.437313,0.831406,0.145778,0.9881,0.089442,0.447693,-0.072475,0.9981,0.418268,0.855867,0.142935,0.973,0.062747,0.430961,-0.074081,0.9858,0.487869,0.860466,0.085922,0.9844,0.049059,0.507811,-0.183319,0.992
virabhadrasana_tf_0174,0.704174,0.433368,-0.06555,0.9998,0.709814,0.419897,-0.05493,0.9997,0.709136,0.418801,-0.053744,0.9997,0.708451,0.417769,-0.053644,0.9996,0.709503,0.419311,-0.087385,0.9997,0.70861,0.417809,-0.087851,0.9997,0.707677,0.416285,-0.08751,0.9996,0.695319,0.408739,0.014424,0.9995,0.695402,0.407338,-0.148503,0.9998,0.691974,0.436417,-0.038446,0.9992,0.692072,0.43522,-0.084289,0.9991,0.629274,0.418315,0.098501,0.9985,0.64443,0.412948,-0.239006,0.9992,0.733094,0.408112,0.162021,0.1421,0.751726,0.415312,-0.357774,0.9914,0.818501,0.399228,0.040339,0.2696,0.843859,0.401312,-0.322988,0.9849,0.842298,0.392922,0.024098,0.3056,0.865394,0.402096,-0.350313,0.972,0.846088,0.394231,-0.000716,0.3093,0.865481,0.399876,-0.338168,0.9638,0.832887,0.395159,0.022284,0.3396,0.859341,0.398793,-0.316887,0.9426,0.438295,0.505889,0.094384,0.9998,0.426599,0.475074,-0.093038,0.9998,0.470679,0.664306,0.07118,0.9637,0.265693,0.457832,-0.119319,0.9988,0.441105,0.83251,0.110175,0.988,0.091807,0.445415,-0.081285,0.9982,0.422808,0.853779,0.104536,0.9773,0.065997,0.429203,-0.084558,0.9833,0.496761,0.858252,0.049796,0.9804,0.051953,0.509023,-0.189674,0.9916
virabhadrasana_tf_0175,0.704275,0.441362,-0.070391,0.9998,0.71344,0.425961,-0.059962,0.9991,0.712951,0.424607,-0.058816,0.9994,0.712395,0.42307,-0.058784,0.9991,0.712895,0.424407,-0.093426,0.9992,0.712054,0.422155,-0.093951,0.9994,0.711114,0.419732,-0.093528,0.9988,0.699723,0.410907,0.008904,0.9993,0.700196,0.408559,-0.155556,0.9995,0.691409,0.442665,-0.043537,0.9986,0.690834,0.441269,-0.08928,0.9983,0.635475,0.431685,0.092471,0.9984,0.649124,0.419201,-0.234453,0.999,0.735464,0.418115,0.169234,0.1009,0.751295,0.41769,-0.355461,0.985,0.821464,0.405892,0.049964,0.1866,0.85479,0.400827,-0.35334,0.983,0.833867,0.396877,0.037978,0.2109,0.874712,0.398415,-0.383516,0.9706,0.849619,0.396978,0.014053,0.211,0.875937,0.396421,-0.368363,0.9613,0.831096,0.397986,0.033071,0.2447,0.869884,0.396646,-0.347098,0.9459,0.446991,0.512447,0.095281,0.9997,0.435016,0.482368,-0.093875,0.9995,0.477495,0.672004,0.085156,0.9731,0.26765,0.458299,-0.126287,0.9986,0.454105,0.835436,0.13874,0.9854,0.091324,0.456286,-0.09279,0.9968,0.443158,0.85716,0.135704,0.9754,0.063603,0.439341,-0.094868,0.9844,0.512863,0.86293,0.081971,0.9765,0.050596,0.517801,-0.20005,0.9869
virabhadrasana_tf_0176,0.714002,0.447511,-0.071249,0.9998,0.72146,0.432038,-0.060804,0.9994,0.720895,0.430072,-0.059697,0.9996,0.720313,0.427929,-0.05955,0.9994,0.720994,0.430563,-0.092688,0.9994,0.720164,0.427671,-0.093233,0.9995,0.719264,0.424659,-0.092768,0.9991,0.706997,0.41158,0.00811,0.9994,0.707398,0.410212,-0.15052,0.9995,0.701271,0.447479,-0.044551,0.9989,0.700765,0.44609,-0.088525,0.9986,0.634757,0.426094,0.090142,0.9983,0.654225,0.418526,-0.227456,0.9992,0.732173,0.415828,0.166945,0.1224,0.758029,0.414115,-0.351122,0.9849,0.809872,0.39209,0.04665,0.2599,0.85789,0.3981,-0.353357,0.9827,0.817491,0.395023,0.034573,0.2841,0.87985,0.397256,-0.384029,0.9705,0.824993,0.37896,0.008876,0.286,0.878159,0.39117,-0.368073,0.9613,0.814432,0.395,0.029093,0.3232,0.870199,0.39162,-0.346632,0.9459,0.445237,0.511763,0.095251,0.9997,0.430614,0.484668,-0.093943,0.9996,0.48003,0.670001,0.090117,0.9567,0.26805,0.463355,-0.122345,0.9987,0.455872,0.831728,0.13932,0.9784,0.088432,0.458464,-0.08725,0.9971,0.441217,0.858656,0.135849,0.9688,0.060622,0.443947,-0.089744,0.9855,0.515852,0.859241,0.082629,0.9687,0.052742,0.522452,-0.19578,0.9872
virabhadrasana_tf_0177,0.718557,0.433695,-0.059856,1.0,0.724621,0.420895,-0.046923,0.9998,0.723827,0.419995,-0.045707,0.9999,0.722981,0.419118,-0.045635,0.9998,0.723622,0.419817,-0.080069,0.9998,0.72199,0.418081,-0.080546,0.9999,0.72025,0.416387,-0.079946,0.9997,0.706751,0.408493,0.027369,0.9998,0.70472,0.407866,-0.136204,0.9999,0.705047,0.438732,-0.031571,0.9996,0.704408,0.436176,-0.076876,0.9996,0.643674,0.432094,0.117637,0.9994,0.651033,0.424767,-0.223129,0.9998,0.737502,0.437326,0.202793,0.1567,0.756333,0.427212,-0.34562,0.9965,0.801713,0.429018,0.099484,0.2806,0.863503,0.411828,-0.348069,0.996,0.810102,0.422402,0.097222,0.2736,0.878226,0.408414,-0.379472,0.9907,0.812521,0.416041,0.072435,0.2744,0.879229,0.402245,-0.360381,0.9874,0.81058,0.419558,0.083814,0.3164,0.8742,0.402379,-0.340362,0.9817,0.447518,0.521457,0.099238,0.9999,0.436305,0.498074,-0.09771,0.9998,0.485883,0.67682,0.080365,0.9849,0.266038,0.486059,-0.131263,0.9995,0.461121,0.842228,0.132038,0.9941,0.0822,0.477428,-0.095978,0.9986,0.447253,0.871584,0.12908,0.9922,0.050196,0.458361,-0.097968,0.9924,0.518379,0.865915,0.072195,0.9914,0.039509,0.546344,-0.204251,0.9943
virabhadrasana_tf_0178,0.717262,0.419547,-0.066825,1.0,0.721798,0.411901,-0.052587,0.9999,0.720863,0.411676,-0.051438,0.9999,0.719134,0.40938,-0.051305,0.9998,0.721794,0.410632,-0.082743,0.9999,0.720729,0.409322,-0.083239,0.9999,0.719306,0.406668,-0.082698,0.9998,0.702109,0.405913,0.02569,0.9999,0.702402,0.402047,-0.124146,0.9999,0.704823,0.427125,-0.037412,0.9997,0.704709,0.424921,-0.078888,0.9997,0.639595,0.444365,0.113006,0.9993,0.648926,0.427326,-0.215567,0.9998,0.742873,0.443914,0.177797,0.2455,0.762709,0.432673,-0.336465,0.9948,0.824165,0.412631,0.077139,0.3772,0.874234,0.410622,-0.336832,0.9939,0.837155,0.403047,0.070868,0.3439,0.893333,0.402367,-0.372238,0.9862,0.846315,0.399459,0.049563,0.3444,0.888049,0.393211,-0.351864,0.9814,0.831906,0.40229,0.062784,0.3803,0.885901,0.398561,-0.329784,0.9747,0.443359,0.535878,0.100211,0.9998,0.430237,0.507436,-0.098786,0.9997,0.483024,0.682676,0.093386,0.9765,0.257146,0.491145,-0.13271,0.9995,0.45849,0.847783,0.148634,0.9915,0.069602,0.486806,-0.099541,0.9986,0.444374,0.879018,0.146162,0.989,0.038499,0.469519,-0.101708,0.992,0.520076,0.872568,0.091172,0.987,0.030813,0.555806,-0.209652,0.9937
virabhadrasana_tf_0179,0.717909,0.430394,-0.001047,0.9999,0.720889,0.415898,0.012529,0.9999,0.719751,0.415434,0.013293,0.9999,0.718563,0.414883,0.013194,0.9999,0.719947,0.415532,-0.018841,0.9999,0.717712,0.413351,-0.019591,0.9999,0.71543,0.411958,-0.018975,0.9999,0.697543,0.409511,0.081701,0.9999,0.695496,0.407936,-0.078425,0.9999,0.705504,0.438197,0.024182,0.9999,0.704312,0.435612,-0.020262,0.9999,0.637243,0.448344,0.17045,0.9988,0.640238,0.441393,-0.171787,0.9997,0.739962,0.445206,0.226814,0.2017,0.751634,0.431155,-0.30156,0.9958,0.828429,0.420079,0.101426,0.2947,0.86237,0.411166,-0.296723,0.9865,0.845173,0.409022,0.087683,0.3654,0.885136,0.406961,-0.330852,0.9748,0.843014,0.405961,0.060376,0.3737,0.882033,0.400026,-0.311412,0.9677,0.836819,0.407581,0.082647,0.39,0.8749,0.401872,-0.289966,0.9533,0.431152,0.522205,0.123628,0.9997,0.426956,0.518409,-0.121933,0.9993,0.267157,0.520331,0.162014,0.9626,0.479663,0.683309,-0.100193,0.999,0.066744,0.493338,0.194907,0.9894,0.453077,0.849814,-0.048995,0.9977,0.038927,0.476555,0.198052,0.9911,0.433324,0.881539,-0.045619,0.9943,0.032428,0.561076,0.183852,0.9834,0.445631,0.912225,-0.079544,0.9937
virabhadrasana_tf_0180,0.719162,0.436931,-0.064594,1.0,0.723179,0.420348,-0.049809,0.9998,0.721868,0.419509,-0.048789,0.9999,0.720591,0.418732,-0.048726,0.9998,0.723053,0.419602,-0.080089,0.9999,0.72157,0.418029,-0.080681,0.9999,0.720106,0.416487,-0.080018,0.9998,0.701444,0.413605,0.028931,0.9999,0.702142,0.412038,-0.123804,0.9999,0.705209,0.444133,-0.034623,0.9997,0.705119,0.441899,-0.076842,0.9996,0.634633,0.449103,0.116261,0.9991,0.650817,0.440962,-0.208209,0.9996,0.742438,0.454648,0.184315,0.2143,0.761245,0.436508,-0.328034,0.9936,0.827386,0.434187,0.082906,0.3355,0.867313,0.414685,-0.329843,0.99,0.840971,0.434486,0.080924,0.324,0.884829,0.41441,-0.360679,0.9775,0.839823,0.416598,0.055975,0.3313,0.883781,0.408449,-0.341676,0.9706,0.837674,0.422272,0.067743,0.3721,0.87804,0.40854,-0.323026,0.9608,0.424497,0.530718,0.097194,0.9999,0.418174,0.520389,-0.095764,0.9998,0.477563,0.68501,0.076539,0.9652,0.242891,0.500567,-0.075334,0.999,0.453162,0.85057,0.120596,0.9861,0.063508,0.497819,0.007452,0.9957,0.435567,0.880183,0.117247,0.9848,0.030598,0.48366,0.010029,0.9831,0.508741,0.876991,0.0583,0.9834,0.028541,0.567729,-0.077477,0.9863
virabhadrasana_tf_0181,0.743365,0.48658,-0.078476,0.9999,0.749851,0.472711,-0.067903,0.9997,0.74912,0.471124,-0.066852,0.9998,0.748424,0.469482,-0.066693,0.9997,0.748975,0.472425,-0.101191,0.9997,0.747648,0.47089,-0.101722,0.9998,0.746332,0.46938,-0.101089,0.9995,0.731574,0.457316,-0.003934,0.9998,0.730042,0.461922,-0.168252,0.9998,0.729431,0.488387,-0.053086,0.9995,0.728401,0.487448,-0.098468,0.9994,0.668652,0.464027,0.07881,0.9995,0.670669,0.479306,-0.232235,0.9996,0.767209,0.45413,0.161803,0.1653,0.774299,0.475611,-0.342423,0.9888,0.854954,0.433539,0.051896,0.3862,0.877326,0.448941,-0.338087,0.9876,0.876061,0.420002,0.04571,0.4148,0.906264,0.444418,-0.363772,0.9761,0.876613,0.416251,0.019325,0.4183,0.902763,0.436935,-0.346008,0.9691,0.869251,0.423406,0.036121,0.4454,0.895204,0.435324,-0.330754,0.9594,0.446764,0.545442,0.098197,0.9999,0.435234,0.541543,-0.096701,0.9997,0.497294,0.714764,0.105175,0.9648,0.247062,0.525058,-0.083617,0.9987,0.464877,0.871117,0.162188,0.9885,0.066336,0.521376,-0.012426,0.9955,0.448731,0.906713,0.159706,0.9877,0.03883,0.500932,-0.010664,0.9878,0.529718,0.906322,0.108243,0.9862,0.028187,0.587998,-0.097146,0.986
virabhadrasana_tf_0182,0.746106,0.49445,-0.098992,0.9999,0.752423,0.482104,-0.088494,0.9996,0.751815,0.480589,-0.08737,0.9998,0.751284,0.478772,-0.087265,0.9996,0.751781,0.480809,-0.121963,0.9997,0.750604,0.478708,-0.122436,0.9998,0.749424,0.476458,-0.121926,0.9995,0.738149,0.463278,-0.023315,0.9997,0.735374,0.465773,-0.188618,0.9998,0.733126,0.494888,-0.073357,0.9995,0.732814,0.49293,-0.119067,0.9994,0.674134,0.46743,0.057398,0.9994,0.674412,0.480119,-0.251478,0.9995,0.777684,0.456296,0.136673,0.203,0.778001,0.472993,-0.368534,0.9867,0.868808,0.433431,0.035277,0.3689,0.876764,0.448245,-0.374626,0.9817,0.892954,0.423665,0.02613,0.3944,0.910886,0.447742,-0.404599,0.9664,0.89451,0.424399,0.000363,0.3961,0.908807,0.439288,-0.386706,0.9563,0.888351,0.426296,0.019494,0.4226,0.897622,0.438464,-0.368507,0.9408,0.457319,0.549921,0.098288,0.9999,0.444003,0.544859,-0.096694,0.9997,0.505894,0.718917,0.103197,0.978,0.253969,0.538847,-0.088648,0.9991,0.472292,0.884742,0.155205,0.9924,0.073692,0.521015,-0.010236,0.9973,0.45965,0.916611,0.151965,0.9896,0.048089,0.50132,-0.00873,0.9893,0.542256,0.913855,0.103988,0.9896,0.035464,0.588471,-0.099855,0.99
virabhadrasana_tf_0183,0.762294,0.487918,-0.085261,0.9998,0.769714,0.472759,-0.075163,0.9993,0.769205,0.470636,-0.07416,0.9996,0.768702,0.468322,-0.073995,0.9993,0.769066,0.473083,-0.107892,0.9993,0.768003,0.471411,-0.108489,0.9995,0.766844,0.469579,-0.10788,0.999,0.753042,0.45266,-0.010098,0.9994,0.750002,0.458599,-0.172988,0.9995,0.747995,0.488267,-0.059363,0.9987,0.747373,0.487993,-0.104333,0.9987,0.687162,0.459446,0.072547,0.999,0.685735,0.475031,-0.236414,0.9991,0.792653,0.444255,0.148366,0.1955,0.793101,0.470663,-0.346823,0.9853,0.884054,0.425021,0.043999,0.3862,0.895462,0.447672,-0.346227,0.9816,0.908298,0.412672,0.036053,0.4002,0.930015,0.445688,-0.374778,0.9661,0.910933,0.414892,0.010682,0.4052,0.927144,0.436695,-0.356138,0.9567,0.903193,0.418145,0.028176,0.4306,0.913881,0.435899,-0.339128,0.9403,0.474177,0.557633,0.099708,0.9998,0.455783,0.551328,-0.098261,0.9997,0.521684,0.728866,0.107769,0.9526,0.2834,0.583305,-0.088308,0.9984,0.486403,0.894977,0.161184,0.981,0.103837,0.563664,-0.001147,0.9962,0.471021,0.926137,0.158448,0.9769,0.077976,0.544044,0.001724,0.9853,0.555761,0.923644,0.114976,0.9771,0.058783,0.626362,-0.087994,0.9858
virabhadrasana_tf_0184,0.767961,0.47926,-0.066974,0.9999,0.775337,0.465595,-0.056268,0.9995,0.774854,0.4636,-0.055265,0.9998,0.774342,0.461383,-0.05517,0.9996,0.774141,0.46577,-0.090138,0.9996,0.772806,0.464276,-0.090703,0.9997,0.771448,0.462628,-0.09015,0.9994,0.758963,0.445788,0.00839,0.9997,0.754846,0.449884,-0.159543,0.9997,0.753814,0.478123,-0.041386,0.9991,0.752747,0.47836,-0.087932,0.9991,0.69151,0.451878,0.088282,0.9993,0.689349,0.464369,-0.223856,0.9981,0.79744,0.437772,0.165441,0.1726,0.788888,0.454,-0.33086,0.974,0.888598,0.414212,0.066052,0.3264,0.883397,0.432469,-0.321179,0.9585,0.916371,0.402256,0.058754,0.3538,0.919748,0.427984,-0.347285,0.9279,0.917574,0.403688,0.034376,0.3578,0.918383,0.419599,-0.329559,0.91,0.910074,0.40638,0.051092,0.3794,0.905742,0.418462,-0.314388,0.8845,0.480407,0.551104,0.100598,0.9999,0.468929,0.551742,-0.099062,0.9995,0.526586,0.726922,0.0823,0.961,0.290757,0.592307,-0.095567,0.9978,0.493855,0.900135,0.113539,0.9855,0.112486,0.577032,-0.020474,0.9932,0.476445,0.929309,0.107775,0.9815,0.086982,0.559441,-0.018185,0.978,0.56166,0.926526,0.056719,0.9816,0.069348,0.647594,-0.104209,0.9784
virabhadrasana_tf_0185,0.770401,0.471347,-0.07039,0.9999,0.777554,0.45875,-0.059607,0.9997,0.776986,0.456707,-0.058614,0.9998,0.776435,0.454437,-0.058534,0.9997,0.776466,0.458634,-0.09344,0.9997,0.775156,0.456946,-0.093988,0.9998,0.773917,0.45519,-0.09339,0.9996,0.76114,0.438389,0.006861,0.9997,0.758409,0.442363,-0.161546,0.9998,0.755195,0.470293,-0.044266,0.9993,0.75411,0.470504,-0.09109,0.9993,0.69072,0.444171,0.087144,0.9993,0.693735,0.459313,-0.225138,0.9985,0.795532,0.430322,0.168257,0.1184,0.791321,0.449274,-0.331299,0.9699,0.884228,0.402631,0.066577,0.2419,0.891028,0.418206,-0.312634,0.953,0.913462,0.391943,0.058148,0.2871,0.921815,0.41408,-0.336884,0.9256,0.915248,0.392847,0.033484,0.2916,0.920127,0.406859,-0.32432,0.9085,0.90651,0.394113,0.051233,0.3121,0.911112,0.405742,-0.307513,0.877,0.485399,0.548753,0.100127,0.9999,0.48139,0.556049,-0.098653,0.9997,0.533395,0.730758,0.079466,0.9557,0.298706,0.60103,-0.096075,0.9973,0.493741,0.892321,0.105682,0.9859,0.123828,0.595977,-0.009903,0.9912,0.470331,0.923551,0.099191,0.98,0.095073,0.576267,-0.006317,0.9689,0.560461,0.926792,0.049776,0.982,0.07943,0.665431,-0.083957,0.974
virabhadrasana_tf_0186,0.650535,0.730093,-0.403569,1.0,0.662527,0.734086,-0.421694,1.0,0.664773,0.732561,-0.420533,1.0,0.658397,0.73004,-0.420539,1.0,0.653252,0.735251,-0.422456,1.0,0.651394,0.735859,-0.423111,1.0,0.648735,0.740893,-0.422011,1.0,0.648945,0.716093,-0.416497,1.0,0.641749,0.730945,-0.424828,1.0,0.638668,0.719385,-0.396325,1.0,0.634751,0.721647,-0.397615,1.0,0.589293,0.673637,-0.333979,1.0,0.579837,0.66099,-0.368194,1.0,0.514326,0.585347,-0.301971,0.9686,0.529336,0.566472,-0.313814,0.794,0.494382,0.539132,-0.241148,0.9386,0.510046,0.564183,-0.286704,0.5467,0.487353,0.524195,-0.266132,0.8799,0.49302,0.566702,-0.308022,0.4511,0.485921,0.529866,-0.272543,0.8846,0.499355,0.578048,-0.325489,0.4506,0.488413,0.537795,-0.242132,0.8435,0.502244,0.57833,-0.294686,0.4331,0.481481,0.63109,0.025108,0.9999,0.462035,0.600424,-0.023503,1.0,0.519491,0.728029,0.295408,0.1874,0.394779,0.572267,0.112406,0.9767,0.510603,0.816091,0.485066,0.5202,0.323184,0.484455,0.363476,0.9871,0.500806,0.820031,0.507565,0.4761,0.307926,0.470464,0.393966,0.9338,0.533588,0.874084,0.529742,0.564,0.303928,0.47054,0.357216,0.9617
virabhadrasana_tf_0187,0.648783,0.745328,-0.313578,1.0,0.65768,0.746779,-0.334062,1.0,0.661491,0.740937,-0.332889,0.9999,0.663537,0.738973,-0.333251,1.0,0.651536,0.749994,-0.334096,1.0,0.649222,0.750733,-0.334854,0.9999,0.646898,0.751403,-0.333916,0.9999,0.643758,0.720256,-0.346077,0.9999,0.634732,0.743717,-0.352345,1.0,0.639077,0.730549,-0.311851,1.0,0.632754,0.737731,-0.312014,1.0,0.613599,0.654285,-0.27698,1.0,0.567538,0.67719,-0.314346,1.0,0.523324,0.581171,-0.290281,0.9927,0.523934,0.587187,-0.254575,0.8076,0.490447,0.546004,-0.289694,0.983,0.496623,0.565527,-0.223966,0.5344,0.479522,0.534955,-0.322719,0.9555,0.48432,0.560619,-0.237082,0.3978,0.476289,0.533597,-0.326128,0.9556,0.48475,0.561978,-0.2594,0.388,0.484948,0.540915,-0.291606,0.9327,0.479486,0.565303,-0.234079,0.3795,0.469469,0.622428,0.036584,1.0,0.441915,0.601993,-0.034987,1.0,0.5118,0.738455,0.276344,0.3227,0.372198,0.588481,0.093585,0.9825,0.489158,0.819414,0.428569,0.7147,0.298589,0.494071,0.335565,0.9871,0.4899,0.821166,0.443557,0.6202,0.284016,0.477939,0.359228,0.9405,0.521966,0.879458,0.475093,0.6946,0.277046,0.484178,0.33171,0.9593
virabhadrasana_tf_0188,0.64119,0.777282,-0.140482,0.9995,0.656757,0.778093,-0.177628,0.9996,0.660651,0.774457,-0.176679,0.9996,0.666735,0.772594,-0.17677,0.9996,0.64398,0.787961,-0.17749,0.9996,0.639702,0.789486,-0.177893,0.9995,0.635436,0.791441,-0.17744,0.9994,0.665142,0.75188,-0.257408,0.9997,0.61995,0.78217,-0.263172,0.9997,0.636103,0.757877,-0.158674,0.9998,0.625001,0.769589,-0.159936,0.9998,0.636089,0.659755,-0.219745,0.9999,0.529953,0.740261,-0.244248,0.9999,0.62939,0.541758,-0.135111,0.9223,0.478404,0.6598,-0.178545,0.7648,0.546184,0.546174,-0.018727,0.591,0.461358,0.576684,-0.136454,0.5296,0.536505,0.548353,-0.013242,0.4274,0.459423,0.547137,-0.13909,0.431,0.528792,0.559146,-0.022984,0.4357,0.467916,0.547816,-0.154119,0.4491,0.530578,0.560254,-0.019922,0.446,0.462402,0.557057,-0.141633,0.4221,0.443319,0.592692,0.019909,0.9998,0.409785,0.630519,-0.017488,1.0,0.385096,0.608881,0.20309,0.831,0.334993,0.580109,0.16929,0.9558,0.379803,0.651258,0.405705,0.6254,0.301596,0.52067,0.279574,0.9503,0.372966,0.654878,0.422862,0.5057,0.297077,0.507758,0.290364,0.8662,0.39232,0.676112,0.480896,0.4183,0.284796,0.529832,0.295558,0.8828
virabhadrasana_tf_0189,0.632672,0.802785,-0.171405,0.999,0.645687,0.806527,-0.203527,0.999,0.64928,0.803693,-0.20263,0.9992,0.654071,0.799433,-0.202652,0.9991,0.635111,0.813,-0.206309,0.9986,0.631842,0.814476,-0.206815,0.9986,0.62811,0.816406,-0.206622,0.9981,0.656402,0.778317,-0.266805,0.9994,0.617663,0.803886,-0.289433,0.9988,0.628853,0.783371,-0.183015,0.9995,0.61799,0.789804,-0.188943,0.9993,0.633426,0.672999,-0.223899,0.9999,0.522373,0.742913,-0.271646,0.9995,0.625132,0.550964,-0.157239,0.9261,0.482522,0.638759,-0.23065,0.8134,0.528697,0.577742,-0.075538,0.4341,0.489084,0.576019,-0.206937,0.4272,0.505981,0.572789,-0.078802,0.3154,0.469624,0.554294,-0.215893,0.3467,0.499782,0.584109,-0.087675,0.336,0.478617,0.552354,-0.223952,0.3628,0.504928,0.58659,-0.077104,0.3605,0.483869,0.556511,-0.210776,0.3323,0.461861,0.593731,0.031818,0.9995,0.405694,0.621975,-0.029364,0.9994,0.437033,0.593062,0.265603,0.5862,0.344891,0.521129,0.185062,0.9134,0.396269,0.590886,0.369965,0.6717,0.282447,0.458109,0.292848,0.9446,0.381384,0.586334,0.377743,0.6782,0.276205,0.438644,0.3039,0.908,0.397418,0.618226,0.429924,0.4893,0.259344,0.461171,0.311184,0.8458
virabhadrasana_tf_0190,0.632419,0.803362,-0.111661,0.9991,0.646315,0.807774,-0.148788,0.9992,0.650963,0.803359,-0.148148,0.9994,0.654492,0.800281,-0.148292,0.9991,0.63374,0.814753,-0.150595,0.9987,0.629113,0.815757,-0.151481,0.9987,0.624515,0.816915,-0.151509,0.9981,0.65395,0.780212,-0.237834,0.9995,0.610422,0.803441,-0.260095,0.9988,0.628372,0.781936,-0.1336,0.9997,0.613559,0.791799,-0.138828,0.9996,0.63142,0.676911,-0.217472,0.9999,0.51189,0.744804,-0.243894,0.9998,0.623514,0.554425,-0.140931,0.8929,0.478774,0.635129,-0.221335,0.6329,0.512022,0.574909,-0.06486,0.4296,0.46931,0.567288,-0.217543,0.3588,0.497944,0.575574,-0.073043,0.3163,0.46506,0.552687,-0.227142,0.2739,0.496568,0.586556,-0.08708,0.3337,0.470375,0.548183,-0.237328,0.2949,0.500873,0.589654,-0.069729,0.3637,0.476185,0.554211,-0.222425,0.286,0.446065,0.587462,0.030195,0.9999,0.392426,0.632456,-0.027885,0.9998,0.398774,0.539912,0.293597,0.8019,0.384895,0.627009,0.191936,0.5307,0.321261,0.481083,0.525488,0.7886,0.41021,0.660824,0.41711,0.2998,0.308855,0.470562,0.548378,0.8424,0.411325,0.659656,0.441111,0.4311,0.291842,0.490161,0.589084,0.5602,0.42143,0.69043,0.481415,0.2259
virabhadrasana_tf_0191,0.625485,0.811365,-0.142589,0.9993,0.638539,0.81693,-0.176867,0.9993,0.643354,0.812712,-0.176313,0.9995,0.646642,0.810251,-0.176278,0.9992,0.625943,0.822997,-0.179505,0.9988,0.620538,0.823232,-0.180383,0.9989,0.615831,0.823993,-0.180443,0.9983,0.645528,0.787741,-0.250251,0.9996,0.604446,0.809767,-0.274516,0.9991,0.620142,0.791163,-0.159118,0.9997,0.607,0.797657,-0.165218,0.9997,0.627141,0.682254,-0.221676,0.9999,0.510061,0.749068,-0.248462,0.9997,0.621248,0.556069,-0.143112,0.929,0.486395,0.635086,-0.219902,0.7287,0.511782,0.578885,-0.063401,0.5879,0.491361,0.581285,-0.209631,0.3831,0.497312,0.578589,-0.076061,0.4494,0.46852,0.560302,-0.221039,0.2961,0.491656,0.590846,-0.090315,0.4661,0.476906,0.557073,-0.232014,0.3141,0.494422,0.594028,-0.068785,0.4813,0.483305,0.563005,-0.215128,0.3085,0.440183,0.58257,0.024679,0.9999,0.397326,0.630182,-0.02261,0.9997,0.372114,0.506071,0.266157,0.8872,0.392728,0.605357,0.213004,0.4609,0.29923,0.434408,0.520771,0.8785,0.395494,0.622061,0.449818,0.2299,0.286632,0.424584,0.545571,0.8939,0.391197,0.620252,0.472806,0.3696,0.275837,0.430483,0.577708,0.6751,0.403223,0.642039,0.512687,0.1775
virabhadrasana_tf_0192,0.610454,0.820666,-0.136502,1.0,0.619863,0.824082,-0.174451,1.0,0.625888,0.818911,-0.173626,1.0,0.629555,0.815226,-0.173644,1.0,0.606079,0.831511,-0.171482,0.9999,0.601582,0.832374,-0.171832,0.9999,0.595693,0.834365,-0.171005,0.9999,0.630402,0.791243,-0.243381,1.0,0.582765,0.819918,-0.238504,0.9999,0.607134,0.799247,-0.152017,1.0,0.592794,0.808519,-0.148742,1.0,0.616318,0.683612,-0.218053,1.0,0.486879,0.751652,-0.233616,1.0,0.620914,0.560936,-0.180598,0.9361,0.405131,0.665629,-0.194459,0.5585,0.510968,0.56234,-0.081767,0.5909,0.448034,0.57169,-0.172971,0.1044,0.500467,0.555089,-0.081414,0.4404,0.449072,0.56128,-0.190041,0.0837,0.479437,0.553774,-0.09535,0.443,0.458649,0.557554,-0.195957,0.0768,0.484751,0.563285,-0.083366,0.4572,0.44166,0.579078,-0.178421,0.0779,0.475282,0.571725,0.033167,0.9997,0.401543,0.584358,-0.030822,0.9999,0.551549,0.669415,0.333876,0.0225,0.333823,0.471024,0.132517,0.9293,0.500585,0.719803,0.548844,0.0676,0.258395,0.344167,0.313145,0.97,0.477751,0.708209,0.568755,0.1246,0.255847,0.319778,0.327588,0.9566,0.514625,0.789897,0.619084,0.0953,0.240638,0.336248,0.28184,0.9131
virabhadrasana_tf_0193,0.601141,0.825402,-0.066029,0.9996,0.610434,0.832153,-0.105687,0.9996,0.616612,0.827485,-0.104955,0.9997,0.619932,0.824986,-0.104938,0.9997,0.596283,0.837597,-0.102548,0.9994,0.591832,0.838544,-0.103187,0.9994,0.585615,0.840597,-0.10266,0.9991,0.621356,0.800864,-0.199676,0.9998,0.571297,0.824505,-0.19773,0.9992,0.597651,0.805547,-0.089248,0.9998,0.583051,0.811154,-0.087951,0.9997,0.608706,0.686434,-0.19905,0.9999,0.479936,0.752035,-0.190594,0.9981,0.620421,0.563812,-0.140631,0.9794,0.439579,0.659094,-0.129244,0.7365,0.503466,0.563546,-0.026779,0.7009,0.448975,0.566583,-0.085077,0.2878,0.489692,0.562499,-0.023154,0.543,0.45294,0.544069,-0.08518,0.2197,0.476368,0.561138,-0.030519,0.5347,0.455303,0.541322,-0.091259,0.2157,0.480074,0.571489,-0.026531,0.5268,0.452288,0.5592,-0.087629,0.1975,0.461351,0.558855,0.01092,0.9993,0.401159,0.592519,-0.008788,0.9975,0.428338,0.51656,0.233277,0.455,0.354152,0.476337,0.230967,0.6457,0.337502,0.42071,0.396712,0.4681,0.293513,0.360328,0.424282,0.8207,0.31374,0.397642,0.414252,0.5589,0.280888,0.334798,0.445037,0.8443,0.340899,0.430223,0.454107,0.2214,0.289162,0.358665,0.451152,0.5474
virabhadrasana_tf_0194,0.593283,0.81763,-0.145901,0.9993,0.605265,0.826746,-0.179971,0.9994,0.607674,0.825434,-0.179308,0.9995,0.610251,0.82392,-0.179243,0.9995,0.593055,0.831769,-0.181883,0.9989,0.588791,0.831844,-0.182483,0.9988,0.582305,0.830218,-0.181916,0.9985,0.612414,0.798228,-0.244206,0.9997,0.570027,0.812392,-0.261881,0.9989,0.58946,0.796767,-0.158905,0.9998,0.576626,0.798825,-0.162964,0.9997,0.604478,0.686337,-0.211993,0.9999,0.47602,0.742375,-0.245522,0.9992,0.612779,0.56052,-0.150792,0.9362,0.452397,0.644627,-0.194404,0.6646,0.494104,0.565618,-0.047392,0.6064,0.452776,0.575925,-0.167718,0.2081,0.482288,0.568545,-0.050334,0.4619,0.451151,0.546421,-0.184229,0.1659,0.478103,0.575064,-0.061094,0.4663,0.457732,0.55526,-0.190593,0.1608,0.482235,0.579407,-0.049717,0.4501,0.459273,0.561976,-0.172415,0.1484,0.445107,0.560071,0.031809,0.9993,0.391219,0.590556,-0.029599,0.9986,0.447735,0.542799,0.297829,0.2105,0.338656,0.457341,0.206528,0.9206,0.412715,0.526497,0.533046,0.172,0.253448,0.340419,0.421581,0.9201,0.399122,0.513492,0.556823,0.1852,0.26136,0.300528,0.443244,0.8882,0.422523,0.560474,0.615806,0.1254,0.229252,0.345249,0.43897,0.7585
virabhadrasana_tf_0195,0.562081,0.831493,-0.087309,0.9995,0.575116,0.835095,-0.128635,0.9995,0.578792,0.832582,-0.127645,0.9995,0.584914,0.828579,-0.128006,0.9995,0.561204,0.840137,-0.125168,0.999,0.556601,0.84043,-0.125734,0.9986,0.549191,0.84215,-0.12477,0.9982,0.585426,0.804767,-0.211612,0.9995,0.538058,0.824901,-0.205816,0.9988,0.563104,0.811676,-0.107309,0.9998,0.547422,0.817045,-0.103494,0.9996,0.588572,0.691613,-0.197077,1.0,0.449345,0.746146,-0.208153,0.9998,0.60078,0.56664,-0.227684,0.8856,0.380734,0.655142,-0.196942,0.547,0.500141,0.559387,-0.239659,0.6604,0.4212,0.577044,-0.234206,0.288,0.472491,0.559628,-0.249925,0.5676,0.445762,0.546861,-0.265346,0.2386,0.465348,0.565218,-0.266372,0.5712,0.445301,0.55096,-0.268829,0.2204,0.470555,0.570716,-0.245745,0.5662,0.434683,0.553566,-0.24129,0.1987,0.472224,0.553872,0.026319,0.9993,0.385515,0.550527,-0.024271,0.9987,0.547897,0.670283,0.32406,0.0326,0.354374,0.435083,0.215785,0.934,0.472108,0.696534,0.560667,0.119,0.292584,0.309197,0.441999,0.9655,0.447878,0.678789,0.582663,0.1888,0.287934,0.284028,0.461734,0.9523,0.481964,0.763051,0.620521,0.1527,0.266828,0.313749,0.430386,0.9089
virabhadrasana_tf_0196,0.527946,0.813338,-0.038917,0.9989,0.540665,0.82008,-0.077419,0.9989,0.547596,0.817056,-0.076672,0.9991,0.551487,0.815377,-0.076675,0.9989,0.525471,0.82374,-0.076243,0.9984,0.521236,0.823546,-0.076766,0.9983,0.514341,0.8249,-0.076397,0.9978,0.559052,0.792826,-0.16283,0.9993,0.50578,0.809063,-0.167339,0.998,0.533353,0.792115,-0.060767,0.9994,0.517304,0.796417,-0.061166,0.9991,0.572374,0.686422,-0.149792,0.9997,0.430258,0.724294,-0.197081,0.9988,0.598899,0.556917,-0.07367,0.9493,0.369641,0.615671,-0.129625,0.7772,0.507427,0.569113,0.071368,0.3577,0.425279,0.551003,-0.036256,0.1589,0.473151,0.549452,0.081274,0.2519,0.435121,0.534202,-0.023137,0.1153,0.462855,0.554145,0.079025,0.2424,0.438207,0.539574,-0.025997,0.1099,0.46806,0.559995,0.073629,0.2418,0.445053,0.556305,-0.036179,0.1098,0.468011,0.527757,0.043143,0.9977,0.393401,0.534609,-0.041007,0.9974,0.4558,0.535941,0.322,0.1178,0.358955,0.436526,0.196441,0.789,0.410906,0.43054,0.567064,0.1522,0.320211,0.301665,0.401588,0.9118,0.405346,0.402395,0.593527,0.2826,0.318511,0.271659,0.427186,0.9284,0.393724,0.44325,0.657352,0.0794,0.27161,0.294106,0.437867,0.6478
virabhadrasana_tf_0197,0.517321,0.817838,-0.017689,0.9983,0.530332,0.823568,-0.054154,0.9981,0.53854,0.8202,-0.053647,0.9985,0.542433,0.818559,-0.053971,0.9983,0.514429,0.827166,-0.05676,0.9972,0.510497,0.826714,-0.057438,0.997,0.503264,0.827944,-0.057162,0.9957,0.551473,0.79675,-0.142096,0.999,0.496812,0.81106,-0.162365,0.9968,0.522753,0.794726,-0.041879,0.9993,0.508301,0.800357,-0.04661,0.999,0.565909,0.686229,-0.145874,0.9998,0.424972,0.721185,-0.205245,0.9983,0.599173,0.560296,-0.136003,0.9641,0.418761,0.61876,-0.206056,0.8738,0.491262,0.534995,-0.094923,0.4647,0.424239,0.553309,-0.201769,0.3013,0.453022,0.519876,-0.098152,0.33,0.433977,0.520278,-0.204235,0.2019,0.446771,0.52689,-0.103983,0.3159,0.438151,0.53689,-0.204538,0.1884,0.45707,0.546571,-0.096911,0.3153,0.439805,0.54427,-0.20354,0.1732,0.471029,0.527397,0.044722,0.9951,0.404801,0.532009,-0.042618,0.991,0.452615,0.516846,0.32431,0.101,0.346462,0.41232,0.191052,0.8134,0.416744,0.413794,0.556225,0.1378,0.306224,0.27471,0.375963,0.9102,0.410605,0.388377,0.579363,0.2925,0.308354,0.244213,0.398613,0.9431,0.403663,0.422346,0.63031,0.0702,0.272356,0.276221,0.395695,0.6171
virabhadrasana_tf_0198,0.505706,0.779819,0.023328,0.9993,0.51561,0.787649,-0.01997,0.9995,0.522513,0.783851,-0.019562,0.9995,0.528397,0.780608,-0.01972,0.9994,0.497703,0.793978,-0.01482,0.9992,0.492266,0.794662,-0.015606,0.9989,0.485052,0.795649,-0.01498,0.9986,0.531562,0.765263,-0.122227,0.9996,0.471783,0.783851,-0.10336,0.9993,0.511686,0.759557,-0.002892,0.9999,0.49259,0.76494,0.003865,0.9998,0.551967,0.663114,-0.151101,1.0,0.401029,0.692322,-0.103433,0.9999,0.589545,0.539054,-0.222917,0.9392,0.337698,0.59212,-0.161586,0.541,0.528671,0.553744,-0.234325,0.4662,0.42429,0.573254,-0.26773,0.1127,0.498737,0.551334,-0.256013,0.3381,0.449533,0.557405,-0.288103,0.1101,0.492328,0.564508,-0.246526,0.3223,0.457468,0.567933,-0.296867,0.1027,0.496868,0.568114,-0.233382,0.3192,0.456419,0.57573,-0.276978,0.1058,0.480614,0.515261,0.001321,0.9997,0.40075,0.511681,0.000575,0.9997,0.586121,0.604715,0.300909,0.1621,0.371001,0.397344,0.197692,0.9043,0.591697,0.632742,0.489806,0.462,0.3623,0.270178,0.370892,0.9396,0.587525,0.614246,0.506952,0.3998,0.365433,0.244997,0.388366,0.945,0.603825,0.7064,0.546107,0.28,0.346412,0.269222,0.372606,0.7912
virabhadrasana_tf_0199,0.503387,0.775523,-0.019267,0.9989,0.512052,0.784702,-0.066939,0.9993,0.518037,0.782123,-0.066334,0.9992,0.523099,0.779962,-0.06647,0.9991,0.494845,0.789458,-0.06011,0.9989,0.488451,0.790049,-0.060615,0.9987,0.482972,0.79048,-0.060114,0.9986,0.527193,0.763194,-0.17661,0.9992,0.469467,0.775924,-0.151106,0.9993,0.509346,0.756513,-0.047345,0.9997,0.4895,0.762102,-0.04051,0.9996,0.546809,0.661198,-0.1796,0.9998,0.402156,0.689191,-0.162117,0.9999,0.58787,0.533546,-0.148069,0.8028,0.334002,0.579792,-0.108733,0.7996,0.532592,0.57725,-0.030896,0.22,0.409028,0.568144,-0.067622,0.1698,0.529758,0.57669,-0.024945,0.1783,0.420098,0.553357,-0.062737,0.1646,0.501557,0.583328,-0.021972,0.1615,0.434504,0.556927,-0.065497,0.1611,0.505762,0.585417,-0.028514,0.1669,0.435119,0.563152,-0.070343,0.1697,0.483115,0.521417,0.008536,0.9991,0.403449,0.512992,-0.00672,0.9998,0.564494,0.591381,0.344903,0.1899,0.377342,0.401316,0.192753,0.919,0.56144,0.576407,0.616654,0.3844,0.360958,0.27565,0.381215,0.9409,0.557665,0.556007,0.642829,0.3505,0.363273,0.249282,0.40353,0.9484,0.564694,0.628155,0.71192,0.1219,0.335797,0.280915,0.412074,0.6064
virabhadrasana_tf_0200,0.498285,0.774933,-0.028832,0.9991,0.508543,0.783137,-0.076236,0.9993,0.513472,0.781116,-0.075622,0.9994,0.520101,0.778952,-0.075939,0.9992,0.490622,0.786443,-0.074059,0.999,0.485238,0.786372,-0.07461,0.999,0.478826,0.78653,-0.074582,0.9988,0.52521,0.761085,-0.182946,0.9994,0.466213,0.773306,-0.181417,0.9994,0.504398,0.755514,-0.057848,0.9997,0.485725,0.759489,-0.05805,0.9997,0.544333,0.658014,-0.186078,0.9999,0.398179,0.683322,-0.206826,0.9999,0.584364,0.527499,-0.142167,0.8925,0.329779,0.566819,-0.137978,0.777,0.512092,0.567837,-0.019035,0.2428,0.41644,0.584943,-0.039903,0.0934,0.506911,0.573512,-0.01805,0.1765,0.442605,0.579387,-0.027367,0.0843,0.499728,0.585646,-0.010847,0.1718,0.449377,0.583844,-0.029319,0.083,0.494491,0.586932,-0.014351,0.169,0.448468,0.589348,-0.040312,0.0879,0.474384,0.506822,0.02047,0.9987,0.412119,0.502169,-0.018831,0.9996,0.5235,0.559954,0.395468,0.0602,0.386074,0.400805,0.217884,0.7925,0.501444,0.515619,0.698622,0.1202,0.372068,0.270353,0.425045,0.8818,0.493827,0.492749,0.729837,0.1878,0.372597,0.244334,0.450728,0.927,0.506566,0.552657,0.812608,0.0477,0.354086,0.267661,0.469055,0.5492
virabhadrasana_tf_0201,0.481422,0.763227,-0.194853,0.9997,0.489257,0.769647,-0.242861,0.9998,0.493284,0.767787,-0.24182,0.9999,0.499279,0.765028,-0.241958,0.9998,0.476156,0.770546,-0.23873,0.9998,0.471886,0.769623,-0.238928,0.9998,0.466728,0.768706,-0.238423,0.9998,0.506175,0.738333,-0.317113,0.9998,0.451814,0.750149,-0.307756,0.9999,0.484315,0.73891,-0.209848,0.9999,0.470692,0.741575,-0.208877,0.9998,0.541037,0.644286,-0.268254,0.9998,0.386967,0.65902,-0.304435,0.9999,0.597331,0.520922,-0.172781,0.9311,0.317824,0.550194,-0.155026,0.8484,0.545086,0.586853,-0.007967,0.1122,0.369835,0.589968,0.010517,0.0474,0.547535,0.601988,0.002108,0.0965,0.357602,0.584764,0.034674,0.0581,0.532565,0.613953,0.008226,0.0838,0.386381,0.605721,0.030743,0.0515,0.529725,0.603229,-0.001255,0.0802,0.39255,0.6003,0.012793,0.0532,0.494711,0.51746,0.018711,0.9978,0.418089,0.50226,-0.016859,0.9998,0.538543,0.583933,0.364398,0.0479,0.392643,0.385292,0.172678,0.9305,0.544586,0.551965,0.626563,0.2701,0.363188,0.252504,0.341102,0.9837,0.545628,0.527394,0.654188,0.3407,0.384945,0.229212,0.363434,0.9815,0.542695,0.600414,0.742393,0.0584,0.336086,0.254153,0.381808,0.7457
virabhadrasana_tf_0202,0.465891,0.732256,-0.121168,0.9996,0.474645,0.739585,-0.170677,0.9997,0.48003,0.73874,-0.169529,0.9997,0.486641,0.737605,-0.169888,0.9995,0.457497,0.739206,-0.163388,0.9997,0.452682,0.738323,-0.163168,0.9997,0.446746,0.735861,-0.162825,0.9996,0.495181,0.718164,-0.269731,0.9996,0.435338,0.721945,-0.247363,0.9998,0.472132,0.716896,-0.147286,0.9997,0.454416,0.716486,-0.142365,0.9996,0.532813,0.635191,-0.256473,0.9996,0.387836,0.634935,-0.274598,0.9999,0.604741,0.561134,-0.177431,0.9729,0.317318,0.575305,-0.147072,0.9694,0.554553,0.607546,0.03508,0.0958,0.329244,0.596236,0.035706,0.122,0.558852,0.60907,0.05746,0.0756,0.312371,0.594065,0.056789,0.0891,0.542401,0.612864,0.061138,0.0678,0.322825,0.604518,0.061984,0.0755,0.536496,0.610855,0.043506,0.0574,0.331027,0.603665,0.039742,0.0748,0.502612,0.516618,0.030129,0.9965,0.430481,0.487849,-0.027945,0.9992,0.540881,0.578094,0.350771,0.1872,0.4035,0.377424,0.11202,0.9825,0.586555,0.525869,0.597539,0.5,0.409867,0.24779,0.290169,0.9925,0.596771,0.501343,0.627674,0.4741,0.427959,0.219758,0.319322,0.9875,0.584331,0.55974,0.698176,0.094,0.377178,0.240999,0.329948,0.8202
virabhadrasana_tf_0203,0.464904,0.718265,-0.079095,0.9945,0.474764,0.723927,-0.128432,0.9922,0.480918,0.722769,-0.127263,0.9947,0.486106,0.721494,-0.127602,0.9877,0.459841,0.724735,-0.121435,0.9922,0.453597,0.724213,-0.121576,0.9952,0.448698,0.723593,-0.121479,0.992,0.493619,0.707714,-0.228999,0.9929,0.436312,0.710963,-0.208478,0.9954,0.471904,0.699791,-0.105448,0.9925,0.455292,0.699476,-0.100928,0.9925,0.531391,0.62833,-0.228813,0.9991,0.386042,0.630677,-0.250993,0.9999,0.606191,0.577847,-0.186611,0.9897,0.320328,0.59119,-0.141142,0.9678,0.57711,0.616653,0.007183,0.1864,0.342563,0.610934,0.070206,0.0762,0.582633,0.615191,0.030708,0.0993,0.33807,0.612377,0.097623,0.0456,0.565285,0.618292,0.038333,0.0878,0.3508,0.62,0.102912,0.0394,0.560154,0.618094,0.015465,0.0773,0.355617,0.619069,0.07604,0.0434,0.497582,0.501062,0.037734,0.9933,0.43061,0.480058,-0.036031,0.9991,0.492746,0.542856,0.371543,0.1627,0.415033,0.360732,0.043511,0.9861,0.492724,0.462835,0.639324,0.3053,0.404572,0.225536,0.138094,0.9847,0.492082,0.439125,0.663052,0.3211,0.419583,0.198355,0.15071,0.9609,0.487352,0.476169,0.739232,0.0708,0.370449,0.21457,0.134215,0.8468
virabhadrasana_tf_0204,0.464245,0.727485,-0.175555,0.9968,0.471453,0.733968,-0.221478,0.997,0.477945,0.733235,-0.220315,0.9975,0.484013,0.73284,-0.220377,0.9963,0.455152,0.734187,-0.216683,0.9967,0.450003,0.733474,-0.216845,0.9969,0.444142,0.732738,-0.216603,0.9957,0.491886,0.71507,-0.295829,0.9954,0.431415,0.716383,-0.288472,0.9958,0.471726,0.711848,-0.192006,0.996,0.453707,0.711608,-0.191751,0.9956,0.53492,0.637845,-0.272456,0.9991,0.386115,0.634399,-0.281024,0.9994,0.629607,0.583093,-0.188928,0.991,0.31311,0.605664,-0.122484,0.9167,0.560765,0.612696,0.00592,0.1792,0.371264,0.64291,0.10541,0.0471,0.555947,0.617159,0.024695,0.1007,0.394232,0.655057,0.139012,0.0367,0.540435,0.624105,0.029335,0.0937,0.403428,0.65569,0.140563,0.0345,0.538046,0.616321,0.013753,0.1044,0.394562,0.650697,0.11213,0.0389,0.507567,0.497995,0.023064,0.997,0.433599,0.474669,-0.02114,0.9997,0.534371,0.545478,0.370168,0.0893,0.421764,0.358125,0.123741,0.9347,0.561226,0.486008,0.639337,0.2205,0.431643,0.22697,0.249603,0.9757,0.565747,0.464934,0.668194,0.3019,0.438957,0.206482,0.267586,0.9759,0.561643,0.50107,0.743148,0.101,0.41253,0.201358,0.261277,0.8239
virabhadrasana_tf_0205,0.461673,0.714539,-0.110082,0.9764,0.469696,0.718877,-0.155012,0.9759,0.474547,0.7177,-0.153839,0.9776,0.481025,0.717003,-0.154213,0.9697,0.453006,0.721665,-0.152011,0.9702,0.448319,0.720646,-0.152831,0.9707,0.442439,0.716102,-0.152353,0.9665,0.49023,0.704323,-0.229057,0.9667,0.432452,0.702207,-0.230338,0.9589,0.471761,0.698515,-0.124774,0.9748,0.45236,0.697704,-0.126657,0.9717,0.540433,0.635519,-0.207718,0.9964,0.388422,0.631925,-0.259115,0.9972,0.626045,0.604033,-0.203039,0.9537,0.291011,0.613683,-0.220951,0.9613,0.526825,0.66107,-0.141635,0.1455,0.375785,0.661651,-0.147315,0.2177,0.511944,0.678103,-0.141906,0.0722,0.393627,0.673643,-0.149769,0.1371,0.502974,0.674766,-0.137857,0.0669,0.406268,0.671649,-0.142039,0.1266,0.505225,0.664165,-0.137267,0.0822,0.403319,0.663412,-0.144206,0.1346,0.502455,0.496901,0.035459,0.9898,0.435848,0.474603,-0.033822,0.9969,0.498561,0.511392,0.32153,0.1157,0.424622,0.358617,0.095613,0.885,0.494972,0.423925,0.558103,0.2498,0.438432,0.225172,0.216365,0.9701,0.497769,0.404736,0.583117,0.3136,0.445147,0.202821,0.231635,0.9589,0.491936,0.427947,0.648801,0.1256,0.432376,0.199802,0.207602,0.7977
virabhadrasana_tf_0206,0.452229,0.720479,-0.106878,0.9874,0.460631,0.725459,-0.151682,0.9868,0.467124,0.725064,-0.150681,0.9875,0.474638,0.725059,-0.150913,0.984,0.44328,0.72324,-0.147212,0.9829,0.437926,0.721707,-0.147943,0.982,0.431978,0.720219,-0.147413,0.9783,0.485061,0.710535,-0.225674,0.9808,0.423893,0.70641,-0.218409,0.9754,0.463288,0.70356,-0.121098,0.989,0.442745,0.701478,-0.119888,0.9855,0.535741,0.641171,-0.219397,0.9992,0.382394,0.634109,-0.228801,0.9995,0.636093,0.617394,-0.230568,0.9934,0.28065,0.619377,-0.185707,0.9737,0.552541,0.667094,-0.167067,0.4688,0.369502,0.673205,-0.141804,0.3014,0.542159,0.68018,-0.171294,0.2528,0.383417,0.685773,-0.142573,0.2081,0.527006,0.676645,-0.16195,0.2431,0.396674,0.680641,-0.141685,0.1997,0.52896,0.669061,-0.160437,0.2669,0.395204,0.674717,-0.140404,0.2091,0.508651,0.500237,0.025484,0.9982,0.434417,0.475765,-0.023754,0.9994,0.516004,0.555136,0.34232,0.0874,0.431203,0.354533,0.105102,0.9081,0.508128,0.496331,0.578482,0.1996,0.446879,0.223431,0.22328,0.9674,0.504989,0.476894,0.603005,0.2763,0.457356,0.198822,0.237621,0.9665,0.498214,0.518253,0.668308,0.1172,0.425944,0.202234,0.213751,0.8188
virabhadrasana_tf_0207,0.454657,0.719017,-0.22862,0.9987,0.462492,0.721216,-0.269328,0.9986,0.469083,0.720179,-0.268215,0.9985,0.476625,0.719457,-0.268315,0.9981,0.445803,0.721385,-0.262726,0.9981,0.440124,0.720565,-0.263509,0.998,0.434603,0.720038,-0.262622,0.9977,0.48658,0.700959,-0.315503,0.9971,0.424222,0.706878,-0.298847,0.9976,0.465221,0.700517,-0.232084,0.9986,0.444288,0.70113,-0.227648,0.9982,0.536889,0.631057,-0.278199,0.9996,0.377141,0.629623,-0.285553,0.9998,0.637601,0.631518,-0.288231,0.9965,0.273388,0.628751,-0.232532,0.9765,0.553629,0.68579,-0.247889,0.7184,0.366197,0.689028,-0.208846,0.4969,0.541029,0.696521,-0.252909,0.4867,0.381061,0.704827,-0.21997,0.3811,0.527041,0.68986,-0.24919,0.4777,0.395573,0.700836,-0.222151,0.369,0.527684,0.684768,-0.24339,0.498,0.394272,0.692093,-0.209009,0.3715,0.508701,0.4986,0.020884,0.9982,0.434135,0.470302,-0.018855,0.9991,0.512261,0.578034,0.305451,0.0425,0.432438,0.346245,0.123711,0.9155,0.500763,0.561153,0.5257,0.1192,0.456798,0.206195,0.287113,0.9651,0.496086,0.544805,0.552819,0.1806,0.468374,0.192625,0.309341,0.9627,0.494654,0.594138,0.604136,0.1077,0.444286,0.183435,0.267577,0.8559
virabhadrasana_tf_0208,0.453823,0.704256,-0.200033,0.9999,0.460207,0.709951,-0.251011,0.9999,0.465529,0.709601,-0.250384,0.9999,0.471128,0.709527,-0.250086,0.9999,0.44415,0.709587,-0.247274,0.9999,0.438761,0.709012,-0.248071,0.9998,0.433224,0.708506,-0.24733,0.9998,0.480761,0.696727,-0.330285,0.9997,0.421097,0.693111,-0.327453,0.9997,0.464959,0.68927,-0.213096,0.9999,0.446934,0.688202,-0.211843,0.9999,0.534279,0.637307,-0.310443,0.9998,0.377883,0.625679,-0.320366,1.0,0.635546,0.664019,-0.379269,0.9978,0.274805,0.645629,-0.395839,0.9953,0.550806,0.72231,-0.449686,0.6924,0.364127,0.714941,-0.582896,0.9156,0.53366,0.734573,-0.475949,0.5078,0.377633,0.729166,-0.641768,0.8423,0.521413,0.725058,-0.484228,0.5113,0.38951,0.723974,-0.648189,0.8301,0.520588,0.718496,-0.453667,0.5692,0.39046,0.716935,-0.594534,0.803,0.517481,0.502471,0.015839,0.9992,0.440245,0.467207,-0.013838,0.9998,0.536133,0.602664,0.365078,0.0396,0.44416,0.343903,0.105149,0.9722,0.512228,0.623373,0.585144,0.1428,0.465231,0.215755,0.243381,0.982,0.510789,0.610409,0.604251,0.1721,0.479158,0.197862,0.255599,0.9658,0.5034,0.664386,0.640684,0.1827,0.450579,0.184345,0.196541,0.9391
virabhadrasana_tf_0209,0.451558,0.712652,-0.204602,0.9999,0.45955,0.718549,-0.253937,0.9999,0.46554,0.719295,-0.253059,0.9998,0.472,0.720232,-0.252875,0.9998,0.442441,0.714553,-0.251252,0.9998,0.436995,0.713029,-0.25188,0.9998,0.431184,0.711779,-0.251327,0.9998,0.484803,0.703888,-0.325042,0.9998,0.418384,0.696149,-0.323751,0.9997,0.463679,0.698512,-0.214589,0.9999,0.443486,0.69506,-0.214708,0.9998,0.540002,0.637492,-0.302029,0.9998,0.378328,0.619893,-0.314199,1.0,0.638746,0.670302,-0.31599,0.9973,0.272338,0.648796,-0.344953,0.9958,0.550814,0.740595,-0.356273,0.6548,0.351346,0.727117,-0.452106,0.8657,0.538619,0.754384,-0.384892,0.4868,0.365882,0.743984,-0.500327,0.7924,0.52336,0.744294,-0.397183,0.4814,0.379229,0.739906,-0.506608,0.7787,0.52116,0.738206,-0.36139,0.5197,0.382915,0.730985,-0.4615,0.7475,0.520036,0.501588,0.016928,0.9997,0.443515,0.460755,-0.014902,0.9999,0.523394,0.581744,0.395321,0.0429,0.447661,0.341529,0.178663,0.9474,0.505475,0.619489,0.63295,0.1626,0.473206,0.213037,0.364909,0.971,0.508061,0.608889,0.657123,0.2659,0.492265,0.191567,0.383277,0.9679,0.486739,0.666435,0.712087,0.1406,0.458308,0.196651,0.351784,0.8697
virabhadrasana_tf_0210,0.448354,0.704619,-0.280918,1.0,0.45527,0.708846,-0.327047,1.0,0.462034,0.709098,-0.325854,1.0,0.46927,0.709472,-0.325364,1.0,0.43896,0.706708,-0.324841,1.0,0.433778,0.70546,-0.325411,1.0,0.428553,0.7042,-0.324822,0.9999,0.481831,0.696618,-0.380235,0.9999,0.414493,0.688268,-0.382718,0.9999,0.459694,0.691385,-0.285158,1.0,0.441341,0.689504,-0.28669,1.0,0.540128,0.634095,-0.349958,0.9999,0.382088,0.61548,-0.363832,1.0,0.637661,0.683845,-0.383607,0.999,0.264243,0.653927,-0.368674,0.9947,0.563347,0.756283,-0.448192,0.8749,0.338628,0.742053,-0.44173,0.8532,0.553343,0.77015,-0.486944,0.7787,0.344702,0.762069,-0.489525,0.7926,0.530255,0.760413,-0.498434,0.7692,0.36951,0.75863,-0.498285,0.7721,0.526952,0.753312,-0.455135,0.7698,0.370568,0.753929,-0.451832,0.727,0.521551,0.505485,0.023063,0.9998,0.444993,0.46482,-0.020915,0.9999,0.519737,0.592355,0.392892,0.032,0.448192,0.341542,0.174563,0.9597,0.51338,0.623776,0.641306,0.1928,0.478597,0.20752,0.354585,0.977,0.516899,0.611451,0.6673,0.2886,0.48331,0.194302,0.372248,0.9687,0.496378,0.671869,0.720531,0.1699,0.475784,0.180001,0.339114,0.9006
virabhadrasana_tf_0211,0.442184,0.691644,-0.266234,0.9999,0.449738,0.701332,-0.311908,0.9999,0.455508,0.701725,-0.310829,0.9999,0.463177,0.702019,-0.310403,0.9999,0.435109,0.698242,-0.310328,0.9998,0.429901,0.696521,-0.310661,0.9997,0.424976,0.69482,-0.310078,0.9997,0.477051,0.689656,-0.380882,0.9997,0.414582,0.68129,-0.383743,0.9996,0.453484,0.680449,-0.277347,0.9999,0.437433,0.677634,-0.279151,0.9998,0.531394,0.643646,-0.351111,0.9999,0.384144,0.619994,-0.362558,0.9999,0.605432,0.725558,-0.362383,0.9973,0.288999,0.695253,-0.32227,0.9945,0.556664,0.832986,-0.423572,0.9775,0.306471,0.820541,-0.354831,0.9785,0.556467,0.862267,-0.468125,0.9592,0.301031,0.851616,-0.408222,0.9654,0.532169,0.857217,-0.482267,0.9561,0.327482,0.849026,-0.415618,0.9605,0.526583,0.845486,-0.432778,0.9485,0.333339,0.838599,-0.363628,0.9491,0.519707,0.498782,0.012887,0.9997,0.453059,0.463467,-0.010789,0.9998,0.525313,0.612227,0.37312,0.0213,0.472699,0.333455,0.209777,0.9175,0.511403,0.646731,0.634292,0.2757,0.498471,0.208603,0.446058,0.9695,0.514577,0.637667,0.658558,0.4212,0.494719,0.187039,0.467709,0.9597,0.499491,0.694233,0.663924,0.306,0.485068,0.181884,0.416093,0.8954
virabhadrasana_tf_0212,0.43929,0.696693,-0.265875,0.9997,0.442861,0.704356,-0.309098,0.9996,0.448542,0.705153,-0.30818,0.9996,0.454541,0.70588,-0.30777,0.9996,0.431172,0.701015,-0.305365,0.9995,0.427572,0.69919,-0.305741,0.9993,0.423307,0.697263,-0.305025,0.9992,0.468329,0.697445,-0.383516,0.9992,0.412198,0.687424,-0.378767,0.9988,0.450091,0.68586,-0.280715,0.9997,0.435924,0.681219,-0.279622,0.9995,0.523809,0.659511,-0.342134,0.9999,0.378855,0.626479,-0.36546,0.9999,0.56539,0.76033,-0.345515,0.9944,0.304993,0.721997,-0.336019,0.9866,0.527315,0.878382,-0.418982,0.9862,0.296539,0.848161,-0.370125,0.9676,0.536304,0.905112,-0.458512,0.9757,0.278044,0.884802,-0.423089,0.9488,0.509433,0.903212,-0.479124,0.9745,0.309403,0.885741,-0.4283,0.9427,0.500256,0.892798,-0.430285,0.968,0.31963,0.872056,-0.376616,0.9309,0.520913,0.50159,0.024635,0.9996,0.453759,0.459836,-0.022773,0.9997,0.504376,0.617495,0.375248,0.0082,0.478557,0.325191,0.176898,0.8092,0.493466,0.653569,0.652465,0.081,0.508761,0.203271,0.405469,0.9165,0.496651,0.64598,0.67733,0.1735,0.521843,0.192579,0.424706,0.9092,0.475432,0.691859,0.656762,0.1469,0.493157,0.172044,0.346125,0.82
virabhadrasana_tf_0213,0.427319,0.688694,-0.307493,0.9997,0.426838,0.698725,-0.345453,0.9995,0.430354,0.699695,-0.344668,0.9995,0.434486,0.700604,-0.344288,0.9995,0.418603,0.694801,-0.345675,0.9994,0.415682,0.692839,-0.346085,0.9993,0.412015,0.690428,-0.345472,0.9992,0.450028,0.69547,-0.410421,0.9991,0.405308,0.679125,-0.422123,0.9988,0.439212,0.677343,-0.319475,0.9996,0.428257,0.672336,-0.32336,0.9994,0.513534,0.659742,-0.359575,0.9998,0.379302,0.620005,-0.403769,0.9999,0.516172,0.76136,-0.360123,0.9791,0.310136,0.721566,-0.386524,0.9796,0.513551,0.872891,-0.433598,0.9854,0.264695,0.841482,-0.428898,0.9721,0.532587,0.908399,-0.471325,0.9763,0.2361,0.872059,-0.482525,0.9621,0.512426,0.905878,-0.490364,0.9754,0.263089,0.878292,-0.482443,0.9579,0.500886,0.8907,-0.444732,0.9654,0.277445,0.865422,-0.43182,0.9466,0.525158,0.498911,0.025089,0.9999,0.455914,0.457182,-0.023328,0.9999,0.51043,0.55803,0.368538,0.0144,0.488178,0.322193,0.16734,0.8136,0.494646,0.656458,0.645125,0.174,0.526076,0.185425,0.417192,0.932,0.484279,0.645791,0.670506,0.3835,0.538115,0.174875,0.437504,0.9309,0.466551,0.666197,0.649357,0.3495,0.529306,0.14727,0.363703,0.8628
virabhadrasana_tf_0214,0.407427,0.676296,-0.258301,0.9995,0.408059,0.687108,-0.298099,0.9993,0.41247,0.689312,-0.297286,0.9994,0.416503,0.691201,-0.296992,0.9993,0.398092,0.680452,-0.291659,0.9991,0.394675,0.677473,-0.292206,0.9989,0.390591,0.674041,-0.291184,0.9988,0.433364,0.689799,-0.374886,0.9987,0.38667,0.662325,-0.356568,0.9987,0.419651,0.668806,-0.275604,0.9996,0.408855,0.660873,-0.269989,0.9992,0.499878,0.661743,-0.338526,0.9998,0.374277,0.611797,-0.324288,0.9999,0.490211,0.766396,-0.343866,0.9552,0.304766,0.708185,-0.282353,0.9643,0.473885,0.87631,-0.410628,0.9806,0.243043,0.818315,-0.288122,0.9486,0.485642,0.906641,-0.443157,0.9704,0.213358,0.849824,-0.331704,0.9247,0.469438,0.903116,-0.459574,0.9692,0.237887,0.854887,-0.334446,0.9149,0.461982,0.890058,-0.418834,0.9593,0.252038,0.844167,-0.290322,0.9006,0.537601,0.496768,0.005107,0.9997,0.474965,0.443865,-0.003647,0.9998,0.512299,0.636394,0.283114,0.0208,0.516217,0.307917,0.160184,0.9014,0.480222,0.712615,0.52103,0.2479,0.563279,0.175361,0.352488,0.9593,0.489096,0.702337,0.542211,0.4728,0.572981,0.159126,0.367244,0.9551,0.461538,0.74211,0.5146,0.4727,0.575925,0.141364,0.292228,0.9182
virabhadrasana_tf_0215,0.407491,0.676302,-0.272522,0.9994,0.409659,0.686667,-0.313095,0.9992,0.413995,0.688377,-0.312342,0.9993,0.419191,0.690482,-0.312074,0.9992,0.398726,0.680071,-0.306901,0.999,0.395159,0.677158,-0.307389,0.9987,0.391135,0.674185,-0.306467,0.9986,0.436224,0.688687,-0.390609,0.9984,0.386792,0.663352,-0.374662,0.9983,0.419221,0.668775,-0.29004,0.9996,0.407442,0.660865,-0.285046,0.9992,0.49773,0.66875,-0.352754,0.9997,0.371699,0.614529,-0.343405,0.9999,0.483778,0.766556,-0.352239,0.957,0.299046,0.709559,-0.316897,0.9702,0.461054,0.872569,-0.421563,0.9775,0.234157,0.820626,-0.346281,0.9459,0.472353,0.902846,-0.455874,0.9655,0.201891,0.849951,-0.396657,0.9171,0.454968,0.897247,-0.473359,0.965,0.229455,0.855479,-0.39919,0.9058,0.447374,0.884046,-0.430353,0.9556,0.2442,0.846069,-0.350041,0.8895,0.540234,0.506817,0.008559,0.9997,0.476064,0.454226,-0.006949,0.9998,0.509359,0.65304,0.264742,0.0242,0.51952,0.314805,0.147094,0.9261,0.504931,0.728115,0.485727,0.3096,0.569519,0.177445,0.33322,0.9714,0.510381,0.727895,0.50518,0.5385,0.579073,0.166882,0.347164,0.9642,0.482609,0.766521,0.473254,0.5322,0.563863,0.129121,0.268651,0.9321
virabhadrasana_tf_0216,0.401097,0.673758,-0.290845,0.9995,0.402381,0.682997,-0.329743,0.9993,0.407316,0.685026,-0.329021,0.9994,0.412396,0.686998,-0.32872,0.9993,0.39119,0.676614,-0.325861,0.9991,0.387583,0.673853,-0.32638,0.9989,0.383406,0.670957,-0.325486,0.9988,0.430426,0.685547,-0.401199,0.9986,0.379578,0.659494,-0.395494,0.9985,0.413557,0.667179,-0.305987,0.9996,0.40139,0.659634,-0.303984,0.9993,0.493045,0.672878,-0.358548,0.9998,0.365517,0.613177,-0.36531,0.9999,0.475498,0.773366,-0.348848,0.9626,0.291135,0.704366,-0.339392,0.9763,0.447485,0.877003,-0.417494,0.9808,0.224853,0.815417,-0.366296,0.9629,0.456985,0.908038,-0.452897,0.9703,0.196778,0.839456,-0.418718,0.938,0.438978,0.902103,-0.470396,0.9705,0.223987,0.851045,-0.422067,0.9302,0.430157,0.889762,-0.426718,0.9634,0.236928,0.841707,-0.370373,0.9178,0.540769,0.506569,0.013474,0.9998,0.475709,0.452481,-0.011828,0.9998,0.506947,0.655678,0.268545,0.0239,0.523084,0.311316,0.153334,0.9209,0.484487,0.727726,0.483454,0.2792,0.582176,0.175403,0.357042,0.9672,0.48812,0.729703,0.502675,0.5109,0.594499,0.163948,0.372607,0.9594,0.464478,0.763326,0.469817,0.542,0.582187,0.128034,0.29257,0.934
virabhadrasana_tf_0217,0.396375,0.681599,-0.194191,0.9995,0.39582,0.688811,-0.235594,0.9993,0.399978,0.690225,-0.235033,0.9992,0.405619,0.692411,-0.23465,0.9993,0.385435,0.6827,-0.230444,0.9991,0.382132,0.679828,-0.230823,0.9988,0.378028,0.677264,-0.230194,0.9988,0.417326,0.686486,-0.328093,0.9979,0.373267,0.660696,-0.316749,0.9983,0.407965,0.67459,-0.217732,0.9996,0.396064,0.666101,-0.213568,0.9992,0.479159,0.661171,-0.303307,0.9996,0.354565,0.607737,-0.300419,1.0,0.458827,0.760462,-0.303316,0.9586,0.280457,0.697481,-0.299986,0.9841,0.426317,0.857057,-0.369559,0.9789,0.206027,0.790468,-0.37766,0.9922,0.429846,0.885695,-0.405493,0.9664,0.180458,0.814588,-0.437881,0.9863,0.408454,0.876281,-0.420723,0.9664,0.196211,0.82466,-0.443847,0.9846,0.403622,0.865514,-0.37841,0.9598,0.207204,0.817597,-0.385191,0.9788,0.541354,0.512266,0.000172,0.9998,0.483855,0.45384,0.001395,0.9999,0.534929,0.642048,0.273872,0.0682,0.541583,0.318807,0.170642,0.9438,0.501991,0.723851,0.49004,0.4018,0.600446,0.190524,0.371564,0.9747,0.511937,0.725036,0.50731,0.5705,0.614487,0.176935,0.38713,0.9694,0.489323,0.770275,0.470498,0.6346,0.613358,0.156386,0.306045,0.9543
virabhadrasana_tf_0218,0.390805,0.683719,-0.161136,0.9996,0.389664,0.692995,-0.203803,0.9993,0.394134,0.694427,-0.203149,0.9991,0.400682,0.696899,-0.202778,0.9992,0.378571,0.686434,-0.198765,0.9991,0.375302,0.683527,-0.199083,0.9988,0.37159,0.679874,-0.198592,0.9988,0.413811,0.690531,-0.301354,0.9979,0.367431,0.664862,-0.290116,0.9984,0.403497,0.675529,-0.186279,0.9996,0.390994,0.666313,-0.182094,0.9992,0.478345,0.658468,-0.28717,0.9994,0.354986,0.60326,-0.27163,1.0,0.447287,0.756193,-0.314606,0.9295,0.279723,0.692154,-0.276742,0.9782,0.417544,0.852572,-0.391789,0.965,0.198355,0.775569,-0.354047,0.9879,0.423679,0.880307,-0.429394,0.9478,0.171281,0.797359,-0.410796,0.9815,0.403042,0.872177,-0.44524,0.9477,0.187038,0.809229,-0.413962,0.9792,0.39826,0.861424,-0.400854,0.9364,0.199241,0.802884,-0.360843,0.9705,0.542957,0.516218,-0.002099,0.9998,0.482759,0.453895,0.003703,0.9999,0.524148,0.644143,0.290137,0.0874,0.548796,0.315623,0.157986,0.9589,0.518186,0.729155,0.517976,0.4126,0.608187,0.178078,0.348197,0.9823,0.517859,0.722255,0.535774,0.5491,0.620394,0.166088,0.362651,0.9758,0.498238,0.773196,0.504144,0.6148,0.626671,0.136438,0.27917,0.9654
virabhadrasana_tf_0219,0.389238,0.682635,-0.149858,0.9996,0.388068,0.690545,-0.192431,0.9994,0.392255,0.691893,-0.191831,0.9993,0.398403,0.694481,-0.191389,0.9993,0.377502,0.684567,-0.187424,0.9992,0.374285,0.681875,-0.187832,0.999,0.370676,0.678609,-0.187307,0.999,0.409879,0.687857,-0.290533,0.998,0.365923,0.66289,-0.280187,0.9985,0.400039,0.675037,-0.175233,0.9996,0.388613,0.667428,-0.17103,0.9993,0.471957,0.659778,-0.273001,0.9994,0.34825,0.603974,-0.266145,1.0,0.443435,0.754966,-0.303554,0.9355,0.270405,0.689773,-0.276392,0.9838,0.411164,0.849468,-0.3872,0.968,0.188965,0.767135,-0.358812,0.9918,0.415429,0.87744,-0.424708,0.9521,0.163167,0.790686,-0.415476,0.9869,0.397962,0.871434,-0.440634,0.9528,0.176432,0.801284,-0.418113,0.9855,0.394288,0.860063,-0.396062,0.9411,0.187881,0.794178,-0.365251,0.9786,0.542545,0.516538,-0.00206,0.9998,0.48401,0.453859,0.003546,0.9999,0.545355,0.645443,0.279633,0.1215,0.551091,0.317383,0.176221,0.9538,0.51821,0.732423,0.505591,0.4779,0.607291,0.193298,0.384154,0.9824,0.517644,0.720596,0.523985,0.6099,0.621325,0.183676,0.400964,0.9785,0.491143,0.775203,0.489443,0.6911,0.611346,0.15423,0.321456,0.9693
virabhadrasana_tf_0220,0.37941,0.683526,-0.138206,0.9997,0.379811,0.693346,-0.180341,0.9996,0.385119,0.695453,-0.179716,0.9995,0.390585,0.697173,-0.179323,0.9996,0.367895,0.68623,-0.177657,0.9994,0.364345,0.682923,-0.178047,0.9992,0.360754,0.679264,-0.177537,0.9992,0.400505,0.690549,-0.278692,0.999,0.356097,0.66207,-0.277713,0.999,0.391325,0.67553,-0.163328,0.9998,0.378666,0.666423,-0.162109,0.9995,0.463591,0.661939,-0.260466,0.9996,0.340292,0.600631,-0.268085,1.0,0.437816,0.753861,-0.281729,0.9491,0.263342,0.683844,-0.268549,0.9851,0.389144,0.843561,-0.368768,0.9731,0.173969,0.763032,-0.342638,0.9945,0.392659,0.870837,-0.409309,0.9609,0.143472,0.780589,-0.403743,0.9909,0.373612,0.864996,-0.427357,0.9621,0.158091,0.79111,-0.406507,0.9902,0.367875,0.85166,-0.379053,0.954,0.172612,0.785538,-0.349419,0.9855,0.54297,0.512336,0.000973,0.9999,0.487012,0.452495,0.000373,0.9999,0.521481,0.640957,0.309745,0.0964,0.560808,0.324273,0.215564,0.9172,0.505154,0.715376,0.556014,0.4075,0.618799,0.206354,0.453828,0.9738,0.506358,0.714138,0.576699,0.5526,0.631823,0.19514,0.47411,0.9691,0.489979,0.758454,0.543385,0.5953,0.627513,0.174525,0.39942,0.9553
virabhadrasana_tf_0221,0.372168,0.679743,-0.106238,0.9998,0.369205,0.69166,-0.146097,0.9998,0.373345,0.693266,-0.145397,0.9997,0.37805,0.695052,-0.145053,0.9997,0.358654,0.684623,-0.14478,0.9996,0.355481,0.681201,-0.145187,0.9996,0.352403,0.677617,-0.144941,0.9995,0.389098,0.689335,-0.242668,0.9994,0.348051,0.658091,-0.249635,0.9995,0.384148,0.672631,-0.131391,0.9998,0.372864,0.663042,-0.13247,0.9997,0.454716,0.657879,-0.240987,0.9992,0.34124,0.591958,-0.241976,0.9999,0.422092,0.751413,-0.285512,0.9109,0.253409,0.681692,-0.253461,0.9849,0.38122,0.837939,-0.385375,0.9577,0.163099,0.754915,-0.336509,0.9965,0.378512,0.867064,-0.426991,0.9459,0.127686,0.767931,-0.395402,0.9946,0.363684,0.858573,-0.443309,0.9468,0.139779,0.778623,-0.395704,0.9942,0.362306,0.8449,-0.395595,0.937,0.155781,0.775286,-0.342152,0.9908,0.542638,0.513152,-0.003164,0.9998,0.496455,0.44652,0.004525,0.9999,0.514084,0.649508,0.272721,0.1944,0.576451,0.321503,0.189046,0.9598,0.511936,0.71483,0.514664,0.4771,0.635716,0.20262,0.380734,0.979,0.522517,0.713747,0.534281,0.5487,0.649324,0.197239,0.396504,0.9728,0.496132,0.761618,0.500231,0.6153,0.639638,0.165465,0.322253,0.9609
virabhadrasana_tf_0222,0.368176,0.684401,-0.113194,0.9998,0.365334,0.696111,-0.151987,0.9998,0.369891,0.697912,-0.151329,0.9998,0.374708,0.69939,-0.150915,0.9998,0.354191,0.690013,-0.150555,0.9996,0.350696,0.687353,-0.151035,0.9996,0.347363,0.684599,-0.150692,0.9995,0.385327,0.693112,-0.245397,0.9995,0.34365,0.66625,-0.251429,0.9995,0.380135,0.675415,-0.137294,0.9998,0.368761,0.66811,-0.138232,0.9997,0.451222,0.663621,-0.245769,0.9994,0.332016,0.595066,-0.240184,1.0,0.418721,0.751519,-0.298021,0.9387,0.247553,0.680684,-0.243459,0.9866,0.374487,0.83056,-0.394553,0.9595,0.155057,0.753265,-0.322871,0.9973,0.369709,0.858155,-0.434843,0.9467,0.12088,0.768913,-0.379763,0.9958,0.353849,0.849302,-0.449471,0.9468,0.133144,0.77894,-0.381862,0.9956,0.353449,0.836285,-0.403318,0.9382,0.149206,0.775048,-0.328829,0.9929,0.544862,0.522203,-0.006973,0.9997,0.494683,0.45115,0.008256,0.9999,0.525029,0.65409,0.257679,0.2266,0.571373,0.321604,0.189405,0.951,0.500382,0.716328,0.500661,0.3832,0.627452,0.213093,0.376622,0.9648,0.512979,0.714898,0.520454,0.4306,0.640545,0.204029,0.392274,0.9566,0.48753,0.767988,0.484124,0.5144,0.630995,0.184322,0.319087,0.9413
virabhadrasana_tf_0223,0.365539,0.672924,-0.082282,0.9996,0.36253,0.685719,-0.120506,0.9996,0.366678,0.688153,-0.119844,0.9996,0.371023,0.690396,-0.119489,0.9995,0.351947,0.677968,-0.118719,0.9993,0.348516,0.674741,-0.119112,0.9992,0.345314,0.671582,-0.118901,0.9991,0.381388,0.687822,-0.215477,0.9988,0.341429,0.65559,-0.220093,0.9991,0.377382,0.667222,-0.107727,0.9996,0.366452,0.657992,-0.108203,0.9993,0.446497,0.660964,-0.22381,0.9992,0.330983,0.590804,-0.21246,0.9999,0.405536,0.758797,-0.265921,0.9084,0.24613,0.675193,-0.236875,0.979,0.363666,0.831472,-0.350263,0.9385,0.151725,0.754976,-0.339209,0.9957,0.358536,0.861167,-0.389635,0.9154,0.117485,0.767604,-0.397029,0.9938,0.3442,0.848281,-0.401895,0.915,0.128959,0.779547,-0.396615,0.9932,0.342604,0.83594,-0.358626,0.9049,0.143629,0.776428,-0.344439,0.989,0.534697,0.530035,-0.009202,0.9997,0.4898,0.457441,0.010674,0.9999,0.511499,0.661806,0.25921,0.2485,0.580059,0.317499,0.154802,0.9734,0.50475,0.718019,0.492888,0.4508,0.638774,0.201785,0.314792,0.9824,0.523154,0.717482,0.511469,0.466,0.65291,0.193288,0.326892,0.9763,0.485747,0.774438,0.479359,0.5754,0.663782,0.158248,0.244901,0.9653
virabhadrasana_tf_0224,0.362153,0.672414,-0.090999,0.9996,0.360031,0.683447,-0.130223,0.9995,0.364262,0.685812,-0.129572,0.9995,0.368704,0.687915,-0.129153,0.9994,0.349776,0.67633,-0.127883,0.9992,0.346742,0.673556,-0.128294,0.9991,0.344038,0.670735,-0.127972,0.999,0.379443,0.685335,-0.227303,0.9986,0.341121,0.655859,-0.229138,0.9989,0.373787,0.666156,-0.11705,0.9996,0.363153,0.657439,-0.116556,0.9993,0.440069,0.661902,-0.229131,0.9992,0.329365,0.588438,-0.222475,0.9999,0.400703,0.759139,-0.260104,0.9212,0.241666,0.674499,-0.242509,0.9785,0.357649,0.833919,-0.342873,0.9509,0.149804,0.751537,-0.33694,0.9949,0.353138,0.864583,-0.380775,0.9317,0.11417,0.762899,-0.393486,0.9925,0.338138,0.850146,-0.394011,0.9313,0.124736,0.776173,-0.394866,0.9918,0.337072,0.837944,-0.350953,0.9195,0.141158,0.773724,-0.342589,0.9872,0.537995,0.530848,-0.005319,0.9997,0.493044,0.457054,0.006728,0.9999,0.517151,0.666621,0.274418,0.2224,0.573207,0.325071,0.168974,0.9676,0.503789,0.733607,0.517321,0.4403,0.635305,0.207322,0.346473,0.9809,0.508823,0.720442,0.537014,0.4793,0.643002,0.204304,0.360982,0.9778,0.481822,0.775262,0.501145,0.5768,0.644575,0.172951,0.280744,0.965
virabhadrasana_tf_0225,0.348066,0.657227,-0.165809,0.9998,0.347017,0.666104,-0.206737,0.9998,0.352133,0.668269,-0.206082,0.9997,0.358004,0.670659,-0.205665,0.9998,0.335105,0.658242,-0.201785,0.9997,0.331887,0.654821,-0.202202,0.9996,0.328936,0.65125,-0.201646,0.9996,0.369189,0.665314,-0.300089,0.9994,0.326501,0.634502,-0.289364,0.9995,0.360697,0.65145,-0.189544,0.9998,0.348949,0.641443,-0.185558,0.9997,0.430071,0.647028,-0.283427,0.9997,0.321534,0.566382,-0.270373,0.9999,0.390383,0.737117,-0.292632,0.9662,0.233337,0.64996,-0.280831,0.9825,0.337595,0.824483,-0.355414,0.9772,0.138789,0.717618,-0.367739,0.9923,0.336041,0.856086,-0.395311,0.9617,0.104234,0.728296,-0.426216,0.9882,0.31991,0.839481,-0.412153,0.962,0.116472,0.745755,-0.432036,0.9874,0.316786,0.825372,-0.364616,0.9527,0.129894,0.744171,-0.375834,0.9821,0.529053,0.521799,-0.00774,0.9998,0.483526,0.453054,0.009218,0.9999,0.521949,0.642292,0.303982,0.1609,0.57792,0.335461,0.210365,0.9304,0.479371,0.722525,0.560243,0.5043,0.651785,0.242523,0.447167,0.9771,0.495971,0.714887,0.582045,0.6192,0.666139,0.233377,0.466989,0.9738,0.46036,0.765765,0.546837,0.695,0.672784,0.215852,0.392827,0.9658
virabhadrasana_tf_0226,0.338286,0.65125,-0.161408,0.9999,0.338341,0.656833,-0.20362,0.9999,0.342581,0.658798,-0.202925,0.9999,0.346729,0.660416,-0.20254,0.9999,0.328925,0.65107,-0.196664,0.9998,0.325861,0.64774,-0.197112,0.9998,0.323094,0.644833,-0.196685,0.9997,0.357036,0.654265,-0.299771,0.9997,0.322068,0.624055,-0.280245,0.9997,0.351104,0.645707,-0.185343,0.9999,0.339918,0.636796,-0.17854,0.9998,0.425748,0.639226,-0.295544,0.9997,0.316443,0.557186,-0.246811,0.9999,0.384536,0.725356,-0.369866,0.9546,0.226237,0.634314,-0.263324,0.9839,0.334082,0.79831,-0.487823,0.9743,0.132313,0.6958,-0.375014,0.9912,0.326619,0.824406,-0.536717,0.9648,0.097191,0.707367,-0.428052,0.9881,0.311564,0.814862,-0.551651,0.9643,0.105718,0.722668,-0.433286,0.9873,0.312819,0.802532,-0.496941,0.9532,0.120603,0.718944,-0.382974,0.9811,0.528632,0.522079,-0.021403,0.9999,0.484472,0.448924,0.022859,0.9999,0.529434,0.638746,0.259536,0.3978,0.574937,0.348921,0.223132,0.9565,0.494561,0.731007,0.511476,0.775,0.655698,0.266423,0.457499,0.9823,0.503996,0.737144,0.533976,0.8249,0.669579,0.262541,0.476883,0.975,0.469803,0.784316,0.496254,0.858,0.667811,0.241022,0.405679,0.9706
virabhadrasana_tf_0227,0.341937,0.631357,-0.167375,0.9998,0.340487,0.637183,-0.209629,0.9998,0.345478,0.640615,-0.20891,0.9998,0.349271,0.642503,-0.208511,0.9998,0.331249,0.629899,-0.205614,0.9997,0.328814,0.626727,-0.206063,0.9997,0.326755,0.623846,-0.205597,0.9996,0.359651,0.638692,-0.306913,0.9996,0.327143,0.605887,-0.299898,0.9996,0.354297,0.624193,-0.191238,0.9999,0.34516,0.615142,-0.188522,0.9998,0.431927,0.625636,-0.30636,0.9997,0.327965,0.541925,-0.264814,0.9999,0.387239,0.708275,-0.365453,0.9575,0.229092,0.616645,-0.28127,0.9871,0.331881,0.780237,-0.47189,0.9757,0.129906,0.677214,-0.389165,0.9943,0.321129,0.806926,-0.519694,0.9654,0.095673,0.689663,-0.443296,0.9923,0.307864,0.798551,-0.53494,0.9652,0.104489,0.70498,-0.448304,0.9919,0.310038,0.785631,-0.48127,0.9554,0.119187,0.698758,-0.396885,0.9874,0.526077,0.512883,-0.022155,0.9998,0.487257,0.445312,0.023737,0.9999,0.524113,0.617673,0.273844,0.4095,0.570603,0.355186,0.246018,0.9458,0.496463,0.72056,0.535976,0.772,0.652594,0.281072,0.502656,0.9821,0.506243,0.724689,0.559738,0.8184,0.673124,0.273409,0.524272,0.9762,0.466024,0.774557,0.524934,0.8419,0.677923,0.251325,0.458081,0.9704
virabhadrasana_tf_0228,0.349371,0.614113,-0.181945,0.9994,0.345171,0.620953,-0.222405,0.9992,0.349602,0.624519,-0.221804,0.9991,0.353012,0.626409,-0.221417,0.9993,0.338644,0.613852,-0.219442,0.9989,0.337332,0.610801,-0.219925,0.9984,0.336367,0.607795,-0.219162,0.9984,0.368381,0.627254,-0.320513,0.9982,0.336347,0.589011,-0.316803,0.9978,0.360448,0.608905,-0.20709,0.9995,0.353895,0.599722,-0.205686,0.9991,0.429113,0.620006,-0.32798,0.9997,0.343091,0.523607,-0.276427,0.9998,0.386366,0.687561,-0.377353,0.9535,0.243563,0.580376,-0.258434,0.9793,0.328928,0.762742,-0.463893,0.9684,0.132266,0.654828,-0.348712,0.9932,0.317761,0.789392,-0.508768,0.9537,0.096659,0.661771,-0.40096,0.9912,0.305356,0.781004,-0.521952,0.9544,0.103853,0.680171,-0.412265,0.9909,0.310108,0.768693,-0.473086,0.9416,0.12002,0.679042,-0.359399,0.9861,0.526954,0.50909,-0.026071,0.9998,0.495626,0.441568,0.027827,0.9998,0.516918,0.612624,0.258931,0.2706,0.571992,0.366998,0.289306,0.8374,0.48952,0.715901,0.504956,0.674,0.646984,0.304959,0.58666,0.9382,0.489538,0.730669,0.526931,0.7456,0.66572,0.300124,0.612269,0.9331,0.448708,0.770979,0.484072,0.7835,0.667539,0.272876,0.549343,0.9189
virabhadrasana_tf_0229,0.579754,0.389904,-0.42864,0.9995,0.59019,0.375834,-0.424708,0.9993,0.593174,0.374288,-0.423784,0.999,0.596142,0.372264,-0.423196,0.9987,0.579122,0.374559,-0.445879,0.9997,0.573967,0.371273,-0.446666,0.9996,0.567138,0.36557,-0.445542,0.9997,0.593674,0.353453,-0.336705,0.9968,0.552808,0.343953,-0.438716,0.9997,0.575509,0.391826,-0.391166,0.9981,0.559597,0.388102,-0.418888,0.9995,0.581578,0.374977,-0.215124,0.9983,0.438246,0.343495,-0.372213,0.9996,0.481921,0.421669,-0.067771,0.2945,0.300203,0.303077,-0.353071,0.9953,0.426565,0.446681,0.026435,0.1978,0.312417,0.390811,-0.335744,0.9843,0.403944,0.468898,0.03576,0.1616,0.299877,0.419557,-0.330257,0.9557,0.397577,0.467991,0.017549,0.1837,0.31883,0.421941,-0.341981,0.9604,0.398465,0.465697,0.022343,0.1883,0.324656,0.41514,-0.336647,0.9488,0.405927,0.491648,0.040771,0.9996,0.334661,0.455883,-0.038963,0.9996,0.410687,0.668015,0.045226,0.9769,0.250814,0.472289,0.113747,0.9495,0.382572,0.837918,0.104783,0.988,0.172378,0.47187,0.3214,0.948,0.365698,0.860364,0.103419,0.918,0.160175,0.464343,0.34166,0.7323,0.425906,0.895707,0.011573,0.9761,0.13951,0.522145,0.272767,0.9095
virabhadrasana_tf_0230,0.582443,0.397027,-0.450322,0.9995,0.592289,0.381708,-0.444286,0.9993,0.596005,0.378936,-0.443335,0.9992,0.598737,0.376502,-0.442779,0.999,0.582824,0.380626,-0.467836,0.9997,0.577289,0.37617,-0.468508,0.9997,0.571928,0.374067,-0.467566,0.9997,0.589234,0.357954,-0.357833,0.9974,0.552668,0.354229,-0.469384,0.9997,0.576392,0.399254,-0.414124,0.9984,0.563575,0.396156,-0.444888,0.9996,0.573278,0.38789,-0.24571,0.9977,0.435833,0.353979,-0.407646,0.9992,0.46927,0.404952,-0.121984,0.3118,0.300206,0.299668,-0.396212,0.9962,0.393927,0.429121,-0.046229,0.1865,0.308966,0.397978,-0.374704,0.9867,0.380762,0.434915,-0.044897,0.1524,0.298018,0.42293,-0.37008,0.9644,0.372944,0.432781,-0.056666,0.1713,0.31526,0.424126,-0.381407,0.9682,0.374087,0.432763,-0.048625,0.1808,0.322045,0.417206,-0.374817,0.9576,0.405784,0.489075,0.051604,0.9991,0.329838,0.454847,-0.049624,0.9994,0.406674,0.672427,0.035212,0.97,0.253215,0.470681,0.082714,0.9659,0.378239,0.843214,0.086674,0.9865,0.17586,0.465565,0.270225,0.9591,0.359763,0.86616,0.085281,0.9278,0.162426,0.457595,0.289202,0.7489,0.433327,0.90465,0.016842,0.9755,0.145398,0.52412,0.237873,0.9175
virabhadrasana_tf_0231,0.552488,0.399775,-0.491108,0.9981,0.561407,0.386497,-0.491739,0.9971,0.563647,0.386003,-0.491045,0.9966,0.568046,0.389119,-0.490426,0.9955,0.550108,0.377387,-0.506904,0.9985,0.547245,0.374156,-0.508006,0.9985,0.543984,0.370155,-0.506974,0.9984,0.56075,0.371019,-0.415103,0.9922,0.531971,0.353468,-0.48923,0.999,0.54748,0.402125,-0.457469,0.9956,0.532992,0.393758,-0.477351,0.9983,0.551316,0.406989,-0.287198,0.9949,0.425484,0.352526,-0.378893,0.9978,0.46419,0.443841,-0.166161,0.3131,0.304961,0.302288,-0.295818,0.9016,0.395584,0.455531,-0.090029,0.1953,0.313236,0.381126,-0.193677,0.7183,0.38238,0.461345,-0.09327,0.1947,0.303699,0.408048,-0.174605,0.6143,0.379286,0.453168,-0.1044,0.2104,0.320052,0.40787,-0.18298,0.6172,0.380902,0.450291,-0.091384,0.1918,0.323791,0.401131,-0.190965,0.5771,0.396672,0.48574,0.021495,0.9987,0.331955,0.442452,-0.019903,0.9993,0.399229,0.666117,0.010095,0.9815,0.289307,0.423706,-0.046767,0.9537,0.368271,0.840865,0.041517,0.995,0.17682,0.461219,0.139355,0.9588,0.354235,0.860595,0.039304,0.9708,0.1682,0.464964,0.155939,0.8305,0.409363,0.902218,-0.050588,0.9911,0.154745,0.505077,0.065744,0.9394
virabhadrasana_tf_0232,0.537253,0.405166,-0.52917,0.9961,0.547341,0.396077,-0.532818,0.994,0.550523,0.395329,-0.53198,0.9922,0.553252,0.394776,-0.531346,0.9888,0.537387,0.387176,-0.543456,0.9972,0.534214,0.383368,-0.54465,0.9969,0.527602,0.374026,-0.543489,0.9975,0.55335,0.379464,-0.451744,0.968,0.51882,0.356186,-0.506512,0.9982,0.533002,0.40829,-0.491032,0.9923,0.516528,0.398921,-0.505832,0.9982,0.551623,0.40964,-0.315472,0.9954,0.417687,0.354932,-0.393866,0.9991,0.449915,0.429187,-0.21381,0.1681,0.296505,0.294608,-0.356163,0.9786,0.361047,0.436379,-0.164888,0.0832,0.298397,0.384237,-0.325302,0.93,0.339945,0.440104,-0.1673,0.0836,0.289664,0.408638,-0.318071,0.8612,0.337125,0.435433,-0.17702,0.0911,0.306539,0.415363,-0.329477,0.8737,0.342792,0.43384,-0.16558,0.0954,0.310592,0.408334,-0.32506,0.8612,0.403556,0.488955,0.020487,0.9993,0.340753,0.440416,-0.018817,0.9995,0.397714,0.662707,-0.014423,0.9725,0.257677,0.441146,0.049418,0.9075,0.366102,0.846243,0.029442,0.9932,0.202307,0.447793,0.251256,0.9051,0.350602,0.869438,0.026767,0.9574,0.192277,0.448416,0.271868,0.6815,0.413063,0.905685,-0.078255,0.9856,0.17517,0.470716,0.203128,0.8623
virabhadrasana_tf_0233,0.523116,0.394647,-0.526236,0.9987,0.535175,0.388592,-0.529677,0.9975,0.540425,0.393108,-0.528716,0.9965,0.544721,0.392338,-0.52801,0.995,0.524548,0.378181,-0.53916,0.9991,0.522162,0.375162,-0.540321,0.9992,0.51955,0.371378,-0.539201,0.9993,0.545263,0.381323,-0.441801,0.9945,0.51254,0.355049,-0.495203,0.9996,0.520873,0.406321,-0.486392,0.9944,0.508242,0.395383,-0.501336,0.998,0.548327,0.406852,-0.2845,0.9929,0.411559,0.347332,-0.391843,0.9985,0.496045,0.446135,-0.134782,0.2616,0.291101,0.293771,-0.328827,0.9669,0.477906,0.435841,-0.011014,0.2542,0.305135,0.384612,-0.256272,0.913,0.47594,0.431579,0.004271,0.229,0.294406,0.410465,-0.23892,0.8251,0.472394,0.427693,-0.002082,0.247,0.30985,0.415849,-0.245178,0.8359,0.469315,0.42917,-0.008218,0.2306,0.317264,0.407004,-0.252684,0.8215,0.400484,0.495233,0.020319,0.9995,0.326664,0.444129,-0.018775,0.9994,0.396119,0.665928,0.026147,0.9867,0.249378,0.443284,0.123282,0.8896,0.368844,0.83855,0.0813,0.9947,0.195872,0.454035,0.360957,0.862,0.356887,0.861205,0.080537,0.9531,0.195832,0.447067,0.385587,0.6412,0.403635,0.900948,-0.02013,0.9883,0.17548,0.484174,0.338481,0.8167
virabhadrasana_tf_0234,0.52345,0.405654,-0.515874,0.9965,0.534161,0.39744,-0.521503,0.9963,0.538991,0.398,-0.520463,0.9946,0.542957,0.397515,-0.51964,0.9925,0.524037,0.392862,-0.535207,0.9987,0.518283,0.387315,-0.536484,0.9985,0.513546,0.383365,-0.535261,0.9987,0.545842,0.382606,-0.436109,0.9819,0.50194,0.362049,-0.510629,0.9993,0.522722,0.410237,-0.47543,0.9881,0.507043,0.405106,-0.496322,0.9971,0.548983,0.391951,-0.280104,0.9958,0.400697,0.350151,-0.406091,0.9987,0.493956,0.421042,-0.104296,0.0988,0.280364,0.29489,-0.317572,0.9699,0.442041,0.437248,0.061258,0.0545,0.300958,0.39309,-0.192618,0.8118,0.430677,0.440633,0.082,0.0621,0.291251,0.418752,-0.155612,0.6897,0.426993,0.435916,0.07092,0.069,0.310873,0.41909,-0.166525,0.7154,0.427657,0.436005,0.062992,0.0685,0.315524,0.41126,-0.187348,0.7051,0.401224,0.489821,0.031484,0.9997,0.325859,0.450684,-0.029945,0.9993,0.398445,0.668172,-0.024349,0.9895,0.251094,0.464443,0.092791,0.9421,0.369306,0.842776,0.002362,0.9973,0.201325,0.458739,0.322665,0.891,0.355724,0.862631,-0.003348,0.9654,0.19886,0.454094,0.346444,0.6488,0.403269,0.899936,-0.109696,0.9922,0.176041,0.490247,0.307747,0.8361
virabhadrasana_tf_0235,0.527522,0.410139,-0.481059,0.9989,0.536946,0.400258,-0.485769,0.999,0.539958,0.399036,-0.484566,0.9983,0.544433,0.397344,-0.483828,0.9979,0.527564,0.398482,-0.502726,0.9997,0.522836,0.394234,-0.503952,0.9995,0.518781,0.390945,-0.502685,0.9996,0.546268,0.378547,-0.401193,0.9953,0.504542,0.366097,-0.494192,0.9998,0.523575,0.413062,-0.439791,0.9953,0.512662,0.410445,-0.466476,0.999,0.548889,0.38069,-0.259289,0.9974,0.407003,0.352692,-0.398158,0.9982,0.565793,0.41482,-0.131857,0.2659,0.289271,0.297446,-0.354715,0.9492,0.59248,0.419775,-0.004977,0.2985,0.306672,0.386936,-0.262492,0.7258,0.60565,0.416513,0.015692,0.2575,0.298999,0.410538,-0.23312,0.5673,0.598778,0.417587,0.005179,0.2861,0.313318,0.413882,-0.237876,0.592,0.589278,0.420486,-0.00605,0.278,0.321228,0.403654,-0.25721,0.5804,0.40246,0.494066,0.028345,0.9999,0.32791,0.457196,-0.02681,0.9997,0.39676,0.665082,-0.030625,0.9934,0.25432,0.464735,0.179003,0.9185,0.368873,0.842043,-0.01539,0.9975,0.209864,0.459189,0.457315,0.8885,0.352999,0.865314,-0.021582,0.9715,0.200813,0.443628,0.482589,0.6325,0.397527,0.901149,-0.127676,0.9936,0.176881,0.483741,0.443609,0.8414
virabhadrasana_tf_0236,0.510861,0.405667,-0.506206,0.9956,0.521857,0.398418,-0.509277,0.9952,0.526002,0.397708,-0.508266,0.9917,0.532642,0.396932,-0.507454,0.9898,0.507164,0.391915,-0.522781,0.9985,0.502663,0.38792,-0.524156,0.998,0.498218,0.382885,-0.522895,0.9983,0.534694,0.381452,-0.419237,0.9786,0.486282,0.356826,-0.494953,0.9991,0.512616,0.407009,-0.463681,0.9844,0.49221,0.4001,-0.485342,0.9942,0.548036,0.380543,-0.264501,0.9976,0.401183,0.342173,-0.390442,0.9989,0.552585,0.416022,-0.09079,0.2473,0.284096,0.293708,-0.299668,0.9685,0.534775,0.446984,0.089692,0.1372,0.31604,0.385423,-0.172731,0.7823,0.535204,0.451616,0.12613,0.1241,0.312959,0.411999,-0.142892,0.5988,0.527266,0.456142,0.115165,0.1398,0.327208,0.412328,-0.146958,0.622,0.522414,0.457048,0.090599,0.1331,0.330134,0.406104,-0.167241,0.5896,0.409143,0.502384,0.024231,0.9999,0.32796,0.459696,-0.022437,0.9992,0.403824,0.666156,-0.049136,0.9801,0.236314,0.478508,0.197016,0.8001,0.375776,0.84094,-0.03012,0.9957,0.224254,0.467409,0.512216,0.6502,0.358609,0.862541,-0.035803,0.9344,0.210988,0.462063,0.544561,0.5036,0.407027,0.90111,-0.143923,0.9865,0.194684,0.496662,0.512769,0.6481
virabhadrasana_tf_0237,0.49556,0.395068,-0.55366,0.9949,0.510374,0.385603,-0.557544,0.9938,0.515765,0.385278,-0.556807,0.9913,0.521659,0.384601,-0.55589,0.9911,0.494956,0.380251,-0.564247,0.9972,0.486099,0.376622,-0.56571,0.9961,0.480504,0.371665,-0.564309,0.9968,0.529266,0.374429,-0.463238,0.9841,0.463715,0.34936,-0.508046,0.9983,0.502406,0.398043,-0.509254,0.9888,0.48316,0.392005,-0.522033,0.9916,0.549682,0.376485,-0.292766,0.9994,0.388301,0.347657,-0.358292,0.9982,0.571152,0.357794,-0.124985,0.6664,0.289783,0.29564,-0.215976,0.9519,0.536205,0.437579,0.037991,0.3763,0.320895,0.403869,-0.086952,0.6807,0.528423,0.447162,0.064187,0.2977,0.309226,0.440004,-0.063043,0.4266,0.505323,0.443811,0.049133,0.3485,0.325828,0.432099,-0.068322,0.4608,0.519416,0.450802,0.037954,0.3229,0.328816,0.427393,-0.082732,0.4369,0.439061,0.50329,0.004601,1.0,0.352597,0.46052,-0.002898,0.9991,0.418721,0.656514,-0.004257,0.9731,0.279731,0.473352,0.271977,0.5396,0.399193,0.842528,0.068342,0.9931,0.257192,0.505484,0.594874,0.5085,0.385776,0.857448,0.069921,0.8886,0.240255,0.511632,0.62637,0.4067,0.419918,0.899522,-0.058457,0.9806,0.211552,0.5379,0.570367,0.6126
virabhadrasana_tf_0238,0.498834,0.388686,-0.554933,0.9971,0.50896,0.379837,-0.558754,0.9966,0.513199,0.37981,-0.558007,0.9949,0.519633,0.380373,-0.55709,0.995,0.493838,0.375803,-0.564425,0.9986,0.488938,0.372351,-0.565955,0.998,0.481053,0.366494,-0.564638,0.9985,0.527284,0.370851,-0.461635,0.9914,0.464413,0.348333,-0.502376,0.9992,0.502394,0.392219,-0.509222,0.9946,0.485466,0.386335,-0.521049,0.996,0.552191,0.370979,-0.288155,0.9993,0.38784,0.345096,-0.354279,0.9985,0.57677,0.349167,-0.126866,0.7259,0.291992,0.289825,-0.216733,0.971,0.537291,0.409788,0.034201,0.3507,0.315616,0.409413,-0.113589,0.7641,0.527018,0.421415,0.060584,0.2652,0.304058,0.439588,-0.098061,0.4897,0.512103,0.425145,0.046241,0.314,0.323716,0.436575,-0.103527,0.5314,0.512621,0.421978,0.034327,0.2844,0.328592,0.431654,-0.110581,0.5019,0.440467,0.504454,0.00546,0.9999,0.357483,0.464666,-0.003732,0.9988,0.422336,0.661437,-0.015704,0.9859,0.275121,0.487778,0.268435,0.6298,0.398941,0.838871,0.043725,0.9965,0.251038,0.483979,0.607597,0.4707,0.389208,0.856788,0.043869,0.9048,0.268638,0.473592,0.641544,0.392,0.413797,0.901357,-0.08283,0.9856,0.252307,0.511885,0.597317,0.5702
virabhadrasana_tf_0239,0.489915,0.395655,-0.51673,0.9978,0.501284,0.388654,-0.525981,0.9977,0.506325,0.388204,-0.525455,0.9959,0.511445,0.38745,-0.524487,0.9966,0.486221,0.384308,-0.525915,0.9985,0.47894,0.379987,-0.527116,0.9974,0.474077,0.375981,-0.525803,0.9979,0.522909,0.373255,-0.439284,0.994,0.456776,0.355216,-0.45714,0.9982,0.494852,0.396353,-0.47291,0.9981,0.479014,0.3925,-0.4796,0.9972,0.561041,0.36338,-0.272709,0.9999,0.398271,0.335819,-0.305593,0.9997,0.587185,0.388054,-0.109267,0.7735,0.309104,0.281638,-0.144919,0.9812,0.546741,0.436912,0.037176,0.4895,0.313828,0.393952,-0.057394,0.8464,0.539066,0.455988,0.066143,0.3939,0.318263,0.419378,-0.045102,0.6306,0.527459,0.456376,0.052935,0.4207,0.334939,0.418871,-0.061313,0.6551,0.529068,0.44764,0.03822,0.3857,0.336508,0.412379,-0.059005,0.6441,0.456393,0.497998,-0.001018,1.0,0.373895,0.462478,0.003133,0.9982,0.444044,0.662877,-0.094235,0.9822,0.312081,0.494874,0.32028,0.5405,0.417022,0.846018,-0.048775,0.9966,0.313651,0.488694,0.652528,0.4113,0.406284,0.863929,-0.052588,0.8906,0.315155,0.474258,0.685862,0.4786,0.427934,0.902769,-0.182376,0.9889,0.298338,0.51939,0.644245,0.6295
virabhadrasana_tf_0240,0.498565,0.386173,-0.519047,0.9991,0.511197,0.376844,-0.531122,0.999,0.516701,0.376219,-0.530348,0.9984,0.523894,0.375249,-0.529507,0.9987,0.494652,0.374004,-0.532768,0.9993,0.4891,0.371425,-0.533891,0.9988,0.483227,0.368258,-0.532439,0.9989,0.533376,0.36293,-0.450159,0.9984,0.47002,0.34808,-0.477351,0.9994,0.507105,0.387933,-0.47572,0.9995,0.487154,0.385677,-0.484317,0.9993,0.578069,0.342476,-0.293932,1.0,0.406879,0.326196,-0.319449,1.0,0.623845,0.390334,-0.14363,0.9329,0.315396,0.295199,-0.137386,0.9772,0.574794,0.45179,-0.008994,0.7861,0.321605,0.414754,-0.029551,0.8874,0.566373,0.477952,0.016007,0.6777,0.326497,0.444768,-0.009378,0.7255,0.554479,0.477336,2.1e-05,0.7067,0.34044,0.439221,-0.031511,0.7503,0.553651,0.468633,-0.008416,0.6384,0.341488,0.432676,-0.032244,0.7343,0.472406,0.502095,-0.015092,1.0,0.387693,0.470275,0.016848,0.9994,0.458075,0.669734,-0.033347,0.993,0.332682,0.486786,0.381389,0.4365,0.432165,0.849,-0.011297,0.9984,0.325201,0.488314,0.707614,0.4308,0.423058,0.867172,-0.015309,0.9518,0.331718,0.482162,0.738688,0.4809,0.44128,0.901547,-0.1364,0.9952,0.297056,0.517924,0.71767,0.6693
virabhadrasana_tf_0241,0.501135,0.384393,-0.5512,0.9996,0.514774,0.375835,-0.562833,0.9995,0.520331,0.375476,-0.561945,0.9991,0.527778,0.375196,-0.561108,0.9993,0.496796,0.372423,-0.564359,0.9997,0.490792,0.369886,-0.565306,0.9995,0.484486,0.366801,-0.563685,0.9995,0.536687,0.361524,-0.475605,0.9993,0.470277,0.346112,-0.500352,0.9998,0.508076,0.386029,-0.506374,0.9998,0.487538,0.383129,-0.514305,0.9997,0.580159,0.341825,-0.312569,1.0,0.410867,0.330069,-0.342135,1.0,0.61606,0.340499,-0.164906,0.9719,0.31658,0.296506,-0.164104,0.9844,0.592361,0.448777,-0.009391,0.8051,0.322786,0.416986,-0.06095,0.8918,0.586697,0.470952,0.019358,0.6593,0.32741,0.450307,-0.042708,0.6963,0.574562,0.474695,0.004055,0.7005,0.342915,0.443114,-0.062329,0.7294,0.572908,0.468119,-0.008598,0.6369,0.345052,0.434964,-0.063678,0.7039,0.478864,0.507154,-0.012651,1.0,0.39377,0.476413,0.014387,0.9994,0.462186,0.671131,-0.003358,0.9974,0.338314,0.496201,0.395621,0.6153,0.437802,0.843752,0.042318,0.9992,0.330374,0.505704,0.7239,0.6095,0.43075,0.860797,0.041889,0.9648,0.33852,0.489117,0.754522,0.5718,0.439023,0.898306,-0.072657,0.9966,0.298159,0.523521,0.733396,0.757
virabhadrasana_tf_0242,0.512616,0.371315,-0.538159,0.9999,0.526154,0.361035,-0.545056,0.9998,0.532486,0.36002,-0.544118,0.9997,0.538418,0.358412,-0.543283,0.9997,0.508008,0.358698,-0.546241,0.9999,0.501478,0.355812,-0.547286,0.9998,0.496059,0.352398,-0.545347,0.9998,0.547681,0.346167,-0.447913,0.9997,0.481111,0.333746,-0.468387,0.9999,0.519089,0.376198,-0.492007,0.9999,0.499052,0.374855,-0.498536,0.9998,0.580923,0.346297,-0.294445,1.0,0.419945,0.335896,-0.319907,0.9999,0.643514,0.327494,-0.156552,0.9957,0.323215,0.309934,-0.136096,0.9913,0.624832,0.435896,-0.017619,0.9572,0.335177,0.415156,-0.024318,0.9216,0.619907,0.464071,0.004292,0.866,0.341555,0.444208,-0.005862,0.7288,0.606028,0.462315,-0.013175,0.8874,0.359452,0.441941,-0.023552,0.7589,0.604335,0.454525,-0.01885,0.8379,0.360636,0.435,-0.025808,0.7326,0.494878,0.512795,-0.016781,1.0,0.41315,0.482554,0.018252,0.998,0.480549,0.676161,-0.000461,0.9954,0.365672,0.500571,0.360939,0.4386,0.456477,0.849362,0.081484,0.9981,0.367031,0.48661,0.688633,0.3622,0.44789,0.867731,0.083882,0.9332,0.364306,0.480449,0.720327,0.4508,0.462009,0.902619,-0.029583,0.9897,0.350108,0.502633,0.700585,0.5337
virabhadrasana_tf_0243,0.51814,0.370164,-0.520219,0.9999,0.531467,0.361079,-0.527272,0.9999,0.537551,0.359786,-0.526284,0.9998,0.544844,0.357971,-0.525445,0.9999,0.512914,0.359629,-0.528838,0.9999,0.505859,0.357101,-0.529935,0.9999,0.49987,0.353848,-0.528068,0.9999,0.551921,0.34352,-0.42857,0.9999,0.483105,0.331708,-0.451855,1.0,0.527781,0.372084,-0.472744,1.0,0.505479,0.373095,-0.479767,0.9999,0.583115,0.343497,-0.275547,1.0,0.425821,0.331077,-0.299308,1.0,0.654998,0.335083,-0.131897,0.9954,0.321325,0.315873,-0.11183,0.9935,0.632465,0.437494,0.0062,0.9578,0.342028,0.419122,-0.011328,0.9571,0.623594,0.462434,0.030121,0.8775,0.348999,0.446247,0.004808,0.8355,0.610964,0.459429,0.010508,0.8953,0.369894,0.443239,-0.012982,0.8559,0.6103,0.452603,0.004943,0.8547,0.369152,0.435722,-0.013297,0.8356,0.501251,0.510513,-0.01745,1.0,0.421261,0.482635,0.018854,0.9985,0.487605,0.676064,-0.007045,0.9978,0.3758,0.506691,0.320579,0.5681,0.463621,0.851105,0.065614,0.9989,0.393201,0.484266,0.661502,0.38,0.454585,0.867935,0.066548,0.9607,0.389463,0.476803,0.694836,0.4703,0.468564,0.902369,-0.045839,0.9937,0.368563,0.500269,0.684475,0.5674
virabhadrasana_tf_0244,0.523002,0.371153,-0.525933,0.9999,0.534697,0.361395,-0.533404,0.9999,0.540568,0.360265,-0.532308,0.9998,0.547013,0.358646,-0.531685,0.9999,0.517145,0.359544,-0.536377,0.9999,0.510592,0.356828,-0.537458,0.9999,0.503729,0.353044,-0.536006,0.9999,0.555176,0.341706,-0.434863,0.9998,0.484203,0.328577,-0.463357,1.0,0.531724,0.373252,-0.477372,1.0,0.509769,0.37257,-0.486148,0.9999,0.590079,0.342529,-0.273444,1.0,0.424503,0.328562,-0.302919,1.0,0.66935,0.335055,-0.140615,0.9953,0.316999,0.32364,-0.124095,0.994,0.641278,0.441213,-0.049131,0.9699,0.350134,0.424132,-0.037869,0.9742,0.631146,0.466372,-0.035203,0.9091,0.364034,0.452073,-0.027059,0.9107,0.616728,0.46259,-0.053893,0.9177,0.381224,0.44357,-0.042147,0.916,0.616039,0.455449,-0.049376,0.8849,0.37965,0.436214,-0.037811,0.8987,0.506294,0.503267,-0.013188,1.0,0.422673,0.479585,0.014764,0.9974,0.493624,0.672572,-0.017628,0.9918,0.38661,0.496914,0.246778,0.3876,0.471486,0.850595,0.020414,0.9961,0.407765,0.469964,0.525704,0.1613,0.462582,0.868793,0.017169,0.9453,0.41539,0.456847,0.553036,0.3644,0.482376,0.90051,-0.098012,0.9847,0.402439,0.476307,0.543977,0.329
virabhadrasana_tf_0245,0.546663,0.349776,-0.571926,1.0,0.558464,0.337713,-0.584909,1.0,0.565355,0.336182,-0.584226,1.0,0.572501,0.334031,-0.583468,1.0,0.539365,0.337129,-0.588725,1.0,0.532361,0.335265,-0.590313,1.0,0.526046,0.332626,-0.588517,1.0,0.581315,0.319936,-0.490739,1.0,0.50992,0.314558,-0.517727,1.0,0.555259,0.356952,-0.523645,1.0,0.534172,0.357357,-0.534103,1.0,0.619051,0.332873,-0.335005,1.0,0.443852,0.329339,-0.324174,1.0,0.72595,0.362074,-0.208317,0.9986,0.330062,0.369266,-0.140853,0.9927,0.676048,0.435634,-0.190443,0.9854,0.391745,0.420159,-0.064392,0.9785,0.666149,0.457614,-0.20201,0.9561,0.4173,0.438414,-0.065312,0.9381,0.650052,0.447423,-0.229312,0.9629,0.430354,0.427183,-0.073952,0.9432,0.650161,0.43983,-0.192943,0.9439,0.429019,0.41998,-0.062653,0.9218,0.5551,0.495144,-0.016806,1.0,0.468541,0.477239,0.01839,0.9993,0.535339,0.668787,0.050563,0.9953,0.443384,0.480963,0.358287,0.4668,0.515442,0.845144,0.17896,0.9974,0.440903,0.469636,0.699523,0.4026,0.509157,0.859023,0.189073,0.9811,0.45442,0.476935,0.72992,0.5525,0.517897,0.89995,0.067012,0.9947,0.428285,0.499821,0.709448,0.5983
virabhadrasana_tf_0246,0.554768,0.336324,-0.57099,0.9999,0.566993,0.324117,-0.582824,0.9998,0.574199,0.322519,-0.582023,0.9997,0.581454,0.320096,-0.581437,0.9997,0.547736,0.322957,-0.582907,0.9999,0.541638,0.320641,-0.584307,0.9999,0.535332,0.317541,-0.583132,0.9999,0.595069,0.30449,-0.490887,0.9998,0.520604,0.29897,-0.502324,1.0,0.565202,0.344283,-0.524428,0.9999,0.543061,0.343541,-0.52901,0.9999,0.648713,0.324411,-0.32518,1.0,0.457981,0.319116,-0.343479,1.0,0.776009,0.3642,-0.22688,0.9954,0.328621,0.365151,-0.283837,0.9929,0.70245,0.398964,-0.212382,0.9598,0.398857,0.391717,-0.306116,0.9787,0.685006,0.426366,-0.215349,0.8877,0.427418,0.413076,-0.322025,0.9286,0.668601,0.413638,-0.228266,0.8957,0.442579,0.397035,-0.324459,0.9315,0.671344,0.405858,-0.20991,0.8595,0.440544,0.391624,-0.305685,0.9087,0.580512,0.484133,-0.018396,1.0,0.49026,0.464632,0.020007,0.9993,0.557522,0.663186,0.051125,0.985,0.463303,0.506804,0.33991,0.2485,0.53924,0.850357,0.161356,0.9888,0.478683,0.505017,0.698505,0.1648,0.534127,0.864589,0.169848,0.9098,0.487269,0.501821,0.731049,0.2692,0.543029,0.903094,0.046398,0.9822,0.462017,0.53526,0.70089,0.3856
virabhadrasana_tf_0247,0.564484,0.334272,-0.580464,0.9996,0.577034,0.318491,-0.584392,0.9996,0.583762,0.316699,-0.583747,0.9994,0.590593,0.31437,-0.583271,0.9994,0.557318,0.317247,-0.585159,0.9997,0.550634,0.314694,-0.586443,0.9996,0.543614,0.311621,-0.585267,0.9997,0.603339,0.303647,-0.479317,0.9993,0.528488,0.295683,-0.496824,0.9998,0.575615,0.344639,-0.531885,0.9997,0.551977,0.342028,-0.536125,0.9998,0.651475,0.325682,-0.31919,0.9999,0.462892,0.318738,-0.342688,0.9998,0.788054,0.359235,-0.30564,0.9937,0.326047,0.353664,-0.32514,0.989,0.715137,0.379786,-0.36148,0.9104,0.400769,0.372066,-0.39775,0.9386,0.69264,0.408357,-0.381488,0.7454,0.431083,0.39468,-0.419077,0.8015,0.675761,0.397956,-0.379012,0.7518,0.44778,0.382242,-0.416837,0.8043,0.677993,0.390094,-0.358487,0.7102,0.445153,0.376275,-0.397636,0.7665,0.588112,0.488977,-0.019637,0.9999,0.495243,0.472548,0.021076,0.9976,0.567372,0.663772,0.047603,0.9254,0.478817,0.538366,0.311553,0.0903,0.547725,0.852604,0.131254,0.9315,0.508462,0.534343,0.644239,0.0462,0.543899,0.87002,0.138848,0.7801,0.517542,0.53067,0.676439,0.1142,0.548749,0.904151,0.034158,0.9188,0.497466,0.561849,0.655167,0.1332
virabhadrasana_tf_0248,0.567599,0.328248,-0.556875,0.9993,0.578357,0.314418,-0.562802,0.9987,0.584578,0.312635,-0.561921,0.9978,0.591085,0.310362,-0.561374,0.9979,0.560387,0.314475,-0.561467,0.9992,0.55375,0.312702,-0.562433,0.9991,0.547335,0.31018,-0.56155,0.9994,0.602938,0.298269,-0.464049,0.9977,0.532064,0.296009,-0.472003,0.9997,0.577358,0.336586,-0.50971,0.9996,0.556101,0.33713,-0.510732,0.9997,0.653776,0.319842,-0.302746,0.9999,0.468234,0.314372,-0.336183,0.9999,0.795202,0.347611,-0.302126,0.9942,0.325223,0.345275,-0.385563,0.9975,0.716765,0.368361,-0.357218,0.9384,0.405108,0.356089,-0.531242,0.9889,0.694628,0.388141,-0.370224,0.8154,0.432076,0.368024,-0.565455,0.9527,0.674988,0.382891,-0.365251,0.8148,0.451558,0.358311,-0.561683,0.9519,0.674605,0.379567,-0.352789,0.7625,0.448792,0.354806,-0.53313,0.934,0.595265,0.486002,-0.013889,0.9999,0.504484,0.469333,0.015667,0.9976,0.574297,0.661215,0.005611,0.9132,0.471525,0.52702,0.284801,0.0792,0.557831,0.849979,0.051714,0.9047,0.488219,0.510178,0.606906,0.0237,0.553331,0.864419,0.054436,0.5992,0.49326,0.506773,0.638552,0.0854,0.555733,0.902098,-0.0619,0.8085,0.478959,0.52575,0.606516,0.0658
virabhadrasana_tf_0249,0.572125,0.323609,-0.5637,0.9999,0.583763,0.308725,-0.569251,0.9999,0.59058,0.306684,-0.568556,0.9998,0.598039,0.303993,-0.568027,0.9998,0.565413,0.308373,-0.569087,0.9999,0.55913,0.306247,-0.570419,0.9998,0.55338,0.303572,-0.569445,0.9999,0.610484,0.291797,-0.468361,0.9997,0.539189,0.286442,-0.485802,0.9999,0.583211,0.332876,-0.515821,1.0,0.56063,0.329728,-0.519516,1.0,0.659043,0.320523,-0.333849,1.0,0.466688,0.305218,-0.357947,1.0,0.806406,0.337643,-0.491076,0.9955,0.320409,0.339758,-0.437732,0.9978,0.728017,0.336726,-0.711275,0.9634,0.408308,0.335138,-0.58946,0.9903,0.705726,0.353966,-0.754378,0.8925,0.433892,0.345985,-0.623556,0.9536,0.687761,0.34578,-0.738779,0.8861,0.45304,0.336538,-0.613866,0.9514,0.688915,0.343738,-0.709564,0.8479,0.450822,0.33427,-0.589928,0.937,0.606098,0.484326,-0.016138,0.9999,0.513165,0.472534,0.017483,0.9988,0.58288,0.664601,-0.010482,0.8867,0.508126,0.565773,0.272637,0.1673,0.566785,0.850981,0.059372,0.8854,0.543494,0.568023,0.616051,0.0381,0.563377,0.867575,0.064028,0.5573,0.551563,0.561726,0.64988,0.0721,0.564957,0.903352,-0.0433,0.8418,0.546209,0.606566,0.626571,0.1164
virabhadrasana_tf_0250,0.586396,0.309394,-0.584765,1.0,0.596118,0.292334,-0.591709,1.0,0.60355,0.290322,-0.59107,1.0,0.610936,0.287954,-0.590351,1.0,0.577798,0.292422,-0.588073,1.0,0.571934,0.290359,-0.589393,1.0,0.565696,0.287616,-0.588331,1.0,0.622315,0.274887,-0.489908,1.0,0.5496,0.272601,-0.494985,1.0,0.597987,0.319445,-0.537624,1.0,0.575755,0.31767,-0.537251,1.0,0.675561,0.294658,-0.371275,1.0,0.488717,0.289448,-0.357646,1.0,0.835019,0.289799,-0.561456,0.998,0.344103,0.303541,-0.481323,0.9986,0.737144,0.270895,-0.772601,0.9902,0.404125,0.283441,-0.673846,0.9826,0.709365,0.278471,-0.814493,0.9584,0.429992,0.285349,-0.711201,0.9249,0.69501,0.271122,-0.795538,0.9543,0.44739,0.280756,-0.696411,0.921,0.695885,0.274899,-0.768922,0.9389,0.443263,0.282441,-0.675633,0.9111,0.636314,0.483279,-0.031641,1.0,0.548154,0.469231,0.032602,0.9998,0.61074,0.662529,-0.010641,0.9925,0.547535,0.485309,0.255321,0.4129,0.597956,0.853395,0.077796,0.9725,0.559615,0.502678,0.594428,0.1524,0.594295,0.873425,0.085487,0.8788,0.585437,0.506901,0.627103,0.2847,0.596318,0.906487,-0.020146,0.9528,0.56685,0.541589,0.611699,0.3504
virabhadrasana_tf_0251,0.602931,0.295307,-0.550483,1.0,0.61218,0.278475,-0.558363,1.0,0.619718,0.274592,-0.557642,1.0,0.626653,0.270142,-0.557081,1.0,0.591454,0.281677,-0.556827,1.0,0.584613,0.280022,-0.558193,1.0,0.578454,0.27741,-0.557082,1.0,0.635908,0.248462,-0.463057,1.0,0.56127,0.258716,-0.47504,1.0,0.617892,0.296306,-0.503726,1.0,0.592816,0.301178,-0.50599,1.0,0.689649,0.265872,-0.342016,1.0,0.505138,0.274138,-0.342952,1.0,0.830971,0.268342,-0.529665,0.9986,0.365839,0.285815,-0.46231,0.9991,0.751427,0.221483,-0.741399,0.9862,0.405201,0.233995,-0.641374,0.9923,0.723959,0.216204,-0.778875,0.9433,0.419079,0.223339,-0.674628,0.9623,0.709454,0.213278,-0.756346,0.9376,0.441563,0.21768,-0.660156,0.9587,0.712792,0.219091,-0.737002,0.9214,0.442303,0.222103,-0.642956,0.9502,0.655568,0.472099,-0.029204,1.0,0.566023,0.458467,0.030016,0.9998,0.628511,0.652131,-0.037757,0.987,0.558651,0.471991,0.280921,0.2868,0.615813,0.84849,0.019134,0.9736,0.57463,0.486312,0.581119,0.131,0.612526,0.86444,0.0249,0.897,0.600496,0.489245,0.609281,0.2103,0.608161,0.907436,-0.062115,0.9666,0.565946,0.52364,0.617878,0.3257
virabhadrasana_tf_0252,0.598336,0.289549,-0.551739,1.0,0.607734,0.274037,-0.558769,1.0,0.616608,0.270378,-0.558079,1.0,0.62497,0.266125,-0.557416,1.0,0.587015,0.277256,-0.556202,1.0,0.581239,0.276091,-0.557412,1.0,0.575534,0.273852,-0.556584,1.0,0.63749,0.248718,-0.460835,1.0,0.561898,0.259596,-0.46603,1.0,0.614622,0.296588,-0.504401,1.0,0.590109,0.298937,-0.504857,1.0,0.69254,0.271912,-0.338493,1.0,0.513564,0.277013,-0.34524,1.0,0.825176,0.257351,-0.515425,0.9982,0.393637,0.278313,-0.466754,0.9992,0.750256,0.194838,-0.70469,0.9776,0.406534,0.215184,-0.642439,0.9948,0.723717,0.185092,-0.742213,0.9098,0.415562,0.198618,-0.68209,0.9736,0.70814,0.185393,-0.722094,0.8986,0.43408,0.192805,-0.667314,0.9699,0.711374,0.19256,-0.70224,0.8786,0.438631,0.20012,-0.645186,0.9636,0.664943,0.478998,-0.022501,1.0,0.576515,0.467742,0.023428,0.9997,0.639629,0.654152,-0.032716,0.9856,0.578477,0.482796,0.252733,0.4064,0.624286,0.851335,0.012748,0.9764,0.611066,0.497595,0.551453,0.1257,0.620159,0.867475,0.017696,0.9087,0.621323,0.493946,0.581059,0.2293,0.619099,0.905841,-0.058761,0.9662,0.608739,0.527664,0.607574,0.2945
virabhadrasana_tf_0253,0.603316,0.28152,-0.518586,1.0,0.611361,0.266188,-0.522875,1.0,0.619754,0.262847,-0.522179,0.9999,0.628104,0.258632,-0.521572,0.9999,0.592128,0.268079,-0.520502,1.0,0.586404,0.266417,-0.521708,1.0,0.58052,0.264116,-0.521013,1.0,0.639027,0.240089,-0.421939,0.9999,0.565254,0.250196,-0.430552,1.0,0.617213,0.286883,-0.47107,1.0,0.594645,0.289117,-0.472551,1.0,0.694293,0.265664,-0.317738,0.9999,0.519514,0.275055,-0.323282,1.0,0.813013,0.247814,-0.509764,0.995,0.404675,0.25953,-0.454029,0.9991,0.749527,0.171242,-0.691472,0.9529,0.398201,0.197014,-0.631673,0.9947,0.726209,0.149503,-0.727017,0.8526,0.40233,0.174882,-0.670741,0.9752,0.709625,0.149276,-0.70518,0.8334,0.422993,0.166597,-0.657891,0.9718,0.711292,0.157658,-0.689245,0.8199,0.429148,0.173868,-0.636157,0.9677,0.674806,0.475656,-0.01984,1.0,0.586234,0.464518,0.020975,0.9995,0.647264,0.654526,-0.104104,0.9881,0.587893,0.478027,0.212504,0.5018,0.634872,0.849619,-0.075814,0.9812,0.603623,0.487064,0.5204,0.1445,0.634722,0.867355,-0.072945,0.8618,0.615636,0.487009,0.550275,0.2241,0.626138,0.907536,-0.160232,0.9679,0.606742,0.52751,0.571004,0.303
virabhadrasana_tf_0254,0.60631,0.256153,-0.48241,0.9999,0.612357,0.239377,-0.482193,0.9998,0.619795,0.235964,-0.48143,0.9998,0.627625,0.231907,-0.480885,0.9998,0.595599,0.241966,-0.476176,0.9999,0.590793,0.240752,-0.477214,0.9999,0.585874,0.239091,-0.476816,0.9999,0.638944,0.220279,-0.388024,0.9997,0.573566,0.22786,-0.380489,0.9999,0.620949,0.264491,-0.44112,0.9998,0.601382,0.267445,-0.437873,0.9999,0.69883,0.256246,-0.332767,0.9992,0.532009,0.265624,-0.282376,0.9997,0.788207,0.195666,-0.527029,0.9916,0.43854,0.21237,-0.362614,0.9978,0.744605,0.103403,-0.68582,0.9537,0.38628,0.130919,-0.492229,0.9927,0.727427,0.0749,-0.727041,0.8862,0.373677,0.106218,-0.526555,0.973,0.711161,0.064959,-0.71295,0.8707,0.387241,0.099624,-0.528381,0.9703,0.709946,0.078128,-0.687648,0.8739,0.394414,0.106827,-0.50288,0.9711,0.704906,0.450898,-0.038305,0.9996,0.615424,0.447414,0.039674,0.9971,0.677965,0.650487,-0.149544,0.99,0.617312,0.471385,0.127926,0.4417,0.66225,0.849571,-0.151811,0.9697,0.647035,0.457243,0.329617,0.1215,0.663316,0.868156,-0.155495,0.8075,0.651222,0.45229,0.347478,0.2276,0.642437,0.907903,-0.266042,0.9227,0.655414,0.47697,0.338247,0.2278
virabhadrasana_tf_0255,0.613332,0.244266,-0.530458,1.0,0.619097,0.227499,-0.527813,0.9999,0.626347,0.223888,-0.527193,0.9999,0.6336,0.219688,-0.526342,0.9999,0.601593,0.230343,-0.524255,1.0,0.595759,0.229113,-0.525037,1.0,0.590278,0.227078,-0.524887,1.0,0.641844,0.209373,-0.434477,0.9999,0.57676,0.220469,-0.434305,1.0,0.627442,0.25236,-0.491643,0.9999,0.607207,0.256493,-0.491067,0.9999,0.703146,0.251882,-0.40017,0.9993,0.538256,0.263597,-0.341153,0.9998,0.767142,0.168732,-0.613142,0.9887,0.441687,0.197777,-0.426885,0.9977,0.737068,0.078416,-0.777212,0.8984,0.384917,0.11018,-0.532186,0.9927,0.724384,0.050427,-0.818553,0.8306,0.364079,0.079296,-0.565253,0.9756,0.704501,0.044458,-0.811583,0.8086,0.381612,0.075674,-0.572728,0.9732,0.700275,0.055761,-0.783184,0.8149,0.391067,0.085096,-0.546458,0.973,0.715696,0.442075,-0.041162,0.9999,0.625994,0.436693,0.042783,0.9983,0.686984,0.644799,-0.17135,0.994,0.574008,0.361723,0.156998,0.3932,0.670671,0.848165,-0.190177,0.9745,0.619251,0.299871,0.297942,0.1196,0.672152,0.866805,-0.194744,0.8486,0.628677,0.304701,0.308335,0.298,0.647755,0.909163,-0.301052,0.9435,0.625066,0.271446,0.301058,0.2935
virabhadrasana_tf_0256,0.465482,0.156409,-0.307489,0.9995,0.463142,0.140941,-0.332293,0.9993,0.465485,0.143022,-0.331682,0.9994,0.467465,0.145678,-0.331476,0.9994,0.45659,0.128713,-0.316748,0.9993,0.456664,0.124855,-0.317691,0.9993,0.456511,0.122008,-0.317258,0.9993,0.48288,0.150389,-0.362701,0.9996,0.480681,0.122629,-0.314312,0.9997,0.482908,0.172899,-0.309983,0.9996,0.476783,0.160841,-0.295144,0.9997,0.544851,0.212477,-0.343344,0.9994,0.529861,0.13621,-0.242349,0.9989,0.465593,0.161798,-0.366769,0.9399,0.430238,0.114363,-0.189591,0.375,0.325182,0.081163,-0.367857,0.7311,0.364634,0.063868,-0.225498,0.3241,0.284846,0.074721,-0.406972,0.6779,0.35461,0.048899,-0.252575,0.3179,0.290941,0.058975,-0.415397,0.6686,0.355451,0.052151,-0.271691,0.3326,0.307918,0.060961,-0.372329,0.6445,0.35905,0.063884,-0.236762,0.3224,0.733679,0.408691,-0.041901,1.0,0.705369,0.319896,0.043333,0.9999,0.706542,0.640062,0.004723,0.9987,0.675093,0.208316,0.260234,0.6451,0.70997,0.874268,0.065531,0.993,0.725898,0.228554,0.475742,0.5868,0.725665,0.90551,0.074783,0.9742,0.736423,0.238657,0.496866,0.5788,0.645518,0.943452,0.044706,0.9754,0.740102,0.231967,0.542978,0.5916
virabhadrasana_tf_0257,0.421399,0.155342,-0.411523,0.9998,0.420996,0.131391,-0.42627,0.9996,0.425452,0.131915,-0.425408,0.9997,0.432132,0.131188,-0.425066,0.9997,0.414232,0.127406,-0.410233,0.9996,0.414146,0.124986,-0.411329,0.9996,0.409316,0.124623,-0.410906,0.9996,0.459392,0.127623,-0.40715,0.9998,0.433075,0.122771,-0.356728,0.9999,0.445171,0.164895,-0.39709,0.9998,0.432668,0.15952,-0.380839,0.9998,0.568668,0.172698,-0.372263,0.9993,0.442986,0.174197,-0.299954,0.9992,0.59669,0.103012,-0.515156,0.8754,0.286722,0.108119,-0.329328,0.9008,0.537372,0.058129,-0.650154,0.2868,0.107983,0.039224,-0.351858,0.7751,0.53005,0.052957,-0.699099,0.257,0.132327,0.009799,-0.377944,0.645,0.522415,0.047244,-0.703591,0.2487,0.134698,0.019652,-0.391372,0.6389,0.525642,0.052596,-0.659537,0.2911,0.150793,0.034666,-0.364757,0.6762,0.734053,0.381459,-0.048398,1.0,0.66875,0.317659,0.049349,0.9998,0.702799,0.627764,-0.080584,0.9985,0.692746,0.254561,0.276956,0.8033,0.70548,0.878652,-0.034153,0.9968,0.793085,0.257923,0.468103,0.738,0.721629,0.910831,-0.028813,0.9863,0.811802,0.259653,0.485993,0.6584,0.63579,0.949213,-0.096264,0.981,0.819326,0.275351,0.498263,0.6936
virabhadrasana_tf_0258,0.39592,0.144717,-0.356163,0.9999,0.395608,0.130805,-0.377439,0.9997,0.398727,0.133199,-0.376631,0.9998,0.401748,0.136094,-0.376379,0.9998,0.392075,0.121664,-0.365423,0.9997,0.390954,0.115058,-0.366415,0.9998,0.391789,0.112321,-0.36603,0.9998,0.429687,0.133263,-0.3931,0.9998,0.418075,0.106302,-0.362203,0.9999,0.418229,0.163232,-0.353531,0.9998,0.413596,0.15363,-0.342944,0.9998,0.521567,0.204532,-0.375734,0.9993,0.469788,0.118664,-0.295854,0.9994,0.466911,0.134245,-0.486732,0.9112,0.29708,0.082682,-0.297842,0.787,0.328008,0.079673,-0.591991,0.5625,0.157865,0.024709,-0.365179,0.8363,0.294982,0.082684,-0.640545,0.5298,0.131142,0.001819,-0.402361,0.793,0.295826,0.07053,-0.639773,0.5019,0.129166,0.011806,-0.422562,0.7832,0.30788,0.072716,-0.596775,0.5131,0.143284,0.026908,-0.379642,0.7833,0.715884,0.386301,-0.047919,1.0,0.691001,0.303179,0.048696,1.0,0.697674,0.62393,-0.0452,0.9993,0.739231,0.285472,0.322124,0.8899,0.69952,0.876827,0.007358,0.9989,0.825398,0.345034,0.55792,0.9232,0.717566,0.911892,0.012542,0.9944,0.851308,0.342437,0.578837,0.8636,0.626295,0.947214,-0.049951,0.9924,0.851037,0.37053,0.584123,0.8708
virabhadrasana_tf_0259,0.316015,0.134597,-0.281558,0.9983,0.322903,0.111764,-0.289364,0.9984,0.328824,0.110035,-0.288516,0.9986,0.334826,0.107677,-0.288379,0.9985,0.315713,0.115461,-0.265499,0.9977,0.316418,0.115797,-0.266748,0.9975,0.31672,0.115961,-0.266036,0.9972,0.38053,0.108422,-0.282985,0.9985,0.345104,0.119029,-0.19713,0.9981,0.348225,0.157486,-0.277319,0.9931,0.334904,0.158417,-0.251254,0.9921,0.512513,0.146318,-0.255405,0.9938,0.388968,0.199284,-0.150739,0.9931,0.407439,0.01561,-0.285536,0.9597,0.314044,0.133244,-0.092269,0.3798,0.416723,0.066586,-0.144272,0.1804,0.384886,0.055144,-0.053499,0.056,0.41352,0.091192,-0.154639,0.1019,0.415869,0.053486,-0.063695,0.0477,0.416594,0.098838,-0.144793,0.0954,0.449,0.035515,-0.067954,0.0455,0.413802,0.100226,-0.136838,0.1183,0.428442,0.069645,-0.056404,0.0512,0.718546,0.360174,-0.064184,1.0,0.661158,0.340332,0.065277,0.9999,0.677969,0.634037,-0.132221,0.9753,0.760173,0.344507,0.326696,0.278,0.665253,0.88887,-0.14909,0.9958,0.843098,0.34496,0.518935,0.655,0.678851,0.933038,-0.14721,0.9934,0.865968,0.327727,0.538637,0.7007,0.585271,0.957058,-0.196759,0.9624,0.865666,0.326226,0.555597,0.5515
virabhadrasana_tf_0260,0.291082,0.131135,-0.247027,0.9962,0.299744,0.10774,-0.249655,0.9968,0.306699,0.101375,-0.248732,0.9974,0.312065,0.096898,-0.248889,0.9974,0.293666,0.113868,-0.226066,0.9947,0.294293,0.114678,-0.227184,0.9941,0.292506,0.118809,-0.226646,0.993,0.347812,0.093997,-0.227757,0.9972,0.318381,0.114764,-0.142642,0.9937,0.328342,0.14475,-0.23799,0.9881,0.31138,0.148475,-0.212252,0.9815,0.483627,0.127802,-0.212182,0.9931,0.358912,0.202346,-0.096022,0.9782,0.366911,0.021311,-0.294192,0.9722,0.233442,0.175196,-0.074837,0.4993,0.324962,0.089902,-0.184362,0.2226,0.273438,0.105729,-0.082648,0.082,0.312637,0.116375,-0.205101,0.1293,0.28504,0.088259,-0.096191,0.064,0.317802,0.125329,-0.191623,0.1249,0.299948,0.096577,-0.096908,0.0632,0.323784,0.117534,-0.177781,0.1466,0.300523,0.107129,-0.087742,0.0728,0.710637,0.344668,-0.064419,0.9999,0.65709,0.347841,0.065442,0.9997,0.66537,0.633158,-0.156271,0.9855,0.750807,0.349242,0.337144,0.4157,0.660631,0.899963,-0.192235,0.9983,0.8535,0.351017,0.553339,0.6568,0.674729,0.938483,-0.194017,0.9967,0.87917,0.341454,0.574122,0.7001,0.574479,0.956418,-0.263985,0.9801,0.892359,0.357115,0.566455,0.6275
virabhadrasana_tf_0261,0.27901,0.139454,-0.289128,0.9987,0.288819,0.112859,-0.292449,0.9989,0.295645,0.108758,-0.291573,0.9991,0.302354,0.103936,-0.291668,0.9991,0.2775,0.122244,-0.269206,0.9981,0.272267,0.119639,-0.270365,0.9978,0.270105,0.122257,-0.269551,0.9973,0.338081,0.100632,-0.267426,0.999,0.298957,0.119287,-0.182836,0.9976,0.320057,0.149763,-0.278809,0.9942,0.299341,0.1548,-0.252852,0.9918,0.473257,0.131241,-0.240298,0.9965,0.348588,0.204718,-0.128988,0.9905,0.356901,0.023068,-0.337598,0.9872,0.249636,0.185438,-0.090033,0.5602,0.311866,0.105553,-0.235334,0.3136,0.307675,0.082565,-0.073487,0.0892,0.290446,0.135226,-0.25849,0.1607,0.325432,0.053709,-0.083625,0.0624,0.295716,0.139502,-0.236972,0.1535,0.334742,0.060784,-0.081968,0.0589,0.305311,0.131354,-0.226355,0.1755,0.333059,0.076957,-0.075731,0.0662,0.700741,0.341156,-0.064083,1.0,0.639612,0.346809,0.065162,0.9999,0.6557,0.621028,-0.121254,0.9893,0.765055,0.348075,0.330212,0.5636,0.647725,0.891838,-0.141224,0.9989,0.883412,0.373237,0.565381,0.8181,0.655644,0.924603,-0.141144,0.9973,0.900532,0.362688,0.587927,0.809,0.567164,0.956269,-0.214182,0.985,0.891172,0.448568,0.568664,0.7713
virabhadrasana_tf_0262,0.237674,0.164913,-0.246996,0.9985,0.237355,0.137744,-0.26232,0.9987,0.243628,0.13344,-0.261615,0.9989,0.249184,0.129701,-0.261593,0.9989,0.230039,0.140394,-0.236473,0.9982,0.230631,0.139101,-0.237678,0.998,0.231069,0.137809,-0.236966,0.9977,0.285866,0.119301,-0.268585,0.9989,0.26194,0.13201,-0.171457,0.9982,0.274688,0.168985,-0.245573,0.9941,0.262075,0.17543,-0.215869,0.9929,0.402754,0.139219,-0.243917,0.992,0.31601,0.193367,-0.09954,0.9909,0.314624,0.048548,-0.294259,0.9562,0.227508,0.154666,-0.022464,0.2796,0.277073,0.097574,-0.147551,0.1457,0.271464,0.077556,-0.002084,0.0324,0.264651,0.118418,-0.159703,0.0886,0.288707,0.055575,-0.005353,0.0323,0.273805,0.118117,-0.143692,0.0852,0.297802,0.059815,-0.014989,0.0314,0.280837,0.112192,-0.138535,0.0975,0.293926,0.071966,-0.007026,0.0343,0.657649,0.353693,-0.066619,1.0,0.63729,0.321601,0.06782,0.9999,0.627562,0.631346,-0.092255,0.9909,0.758535,0.364896,0.327031,0.7834,0.623987,0.892587,-0.106807,0.9987,0.876401,0.375674,0.5162,0.9071,0.64209,0.934661,-0.106643,0.9976,0.901155,0.358966,0.535492,0.8957,0.538715,0.960749,-0.157324,0.9856,0.883805,0.449397,0.543551,0.8643
virabhadrasana_tf_0264,0.208487,0.169134,-0.16567,0.9988,0.209782,0.148253,-0.171378,0.999,0.213812,0.144434,-0.170541,0.9991,0.217086,0.140756,-0.170631,0.9991,0.194606,0.156188,-0.149496,0.9986,0.194583,0.156341,-0.150376,0.9985,0.193515,0.156538,-0.149919,0.9983,0.235513,0.128472,-0.158435,0.9989,0.217341,0.151423,-0.077692,0.9983,0.239455,0.171436,-0.159119,0.9945,0.231156,0.183105,-0.134008,0.9927,0.355951,0.138314,-0.175672,0.996,0.270565,0.225672,-0.01071,0.9915,0.190927,0.05775,-0.259518,0.9786,0.139432,0.202632,-0.02004,0.3914,0.191265,0.074465,-0.185862,0.5224,0.136133,0.099633,-0.070424,0.1108,0.182942,0.081531,-0.209936,0.4089,0.135141,0.070377,-0.082329,0.1002,0.189387,0.086307,-0.195833,0.3836,0.150542,0.073931,-0.081537,0.0906,0.193366,0.086128,-0.179199,0.3914,0.153947,0.08471,-0.075519,0.1035,0.630863,0.340872,-0.073935,0.9999,0.609865,0.346455,0.075395,0.9998,0.58999,0.638493,-0.112712,0.9939,0.753592,0.358179,0.294104,0.8174,0.58424,0.913081,-0.141204,0.9991,0.893639,0.365104,0.454528,0.9471,0.592634,0.94895,-0.14332,0.9986,0.921438,0.347015,0.470714,0.9479,0.492706,0.967735,-0.202184,0.9933,0.918239,0.43806,0.469175,0.9271
virabhadrasana_tf_0265,0.104943,0.213056,-0.091665,0.9946,0.095608,0.185984,-0.113246,0.9958,0.09881,0.182041,-0.112548,0.9965,0.101679,0.177933,-0.112612,0.9964,0.092352,0.191055,-0.082511,0.995,0.09369,0.18942,-0.083357,0.995,0.095155,0.186217,-0.082942,0.9945,0.12881,0.156382,-0.154928,0.9963,0.120856,0.167132,-0.031292,0.9948,0.138532,0.210916,-0.103057,0.9855,0.134507,0.214447,-0.066078,0.983,0.241014,0.155354,-0.170007,0.9861,0.202294,0.213656,0.045003,0.9869,0.060733,0.073749,-0.221247,0.9324,0.057394,0.19131,0.14141,0.1235,0.044638,0.13723,-0.093673,0.1228,0.047177,0.129328,0.129058,0.0243,0.044506,0.137891,-0.110537,0.1023,0.058566,0.101213,0.125341,0.0316,0.059361,0.143872,-0.104627,0.0992,0.055358,0.104609,0.11072,0.0317,0.061359,0.144684,-0.088844,0.1076,0.055482,0.111403,0.120654,0.0356,0.572425,0.361478,-0.087621,0.9998,0.572153,0.331839,0.089209,0.9996,0.541902,0.641314,-0.077057,0.9935,0.724689,0.355978,0.292172,0.8307,0.542403,0.92333,-0.086793,0.994,0.881314,0.369876,0.433332,0.9276,0.548623,0.955317,-0.086512,0.9909,0.906457,0.355033,0.44856,0.9431,0.447789,0.982523,-0.129654,0.9606,0.896767,0.445908,0.455512,0.9031
virabhadrasana_tf_0266,0.089307,0.222129,-0.130871,0.9994,0.085081,0.193964,-0.149203,0.9994,0.088701,0.188821,-0.148397,0.9994,0.091573,0.183749,-0.148443,0.9994,0.08046,0.199392,-0.11996,0.9993,0.081175,0.197903,-0.120752,0.9993,0.081331,0.19632,-0.120521,0.9992,0.120792,0.160268,-0.188101,0.9994,0.107888,0.179364,-0.070945,0.9993,0.121995,0.214414,-0.141388,0.9983,0.114844,0.222657,-0.106164,0.998,0.236362,0.152616,-0.243493,0.9985,0.193534,0.224211,0.011849,0.9952,0.036795,0.071133,-0.314899,0.9872,0.041521,0.199564,0.051195,0.2192,-0.149109,0.047157,-0.271926,0.8266,-0.073537,0.145708,-0.003631,0.139,-0.160259,0.057023,-0.310601,0.7918,-0.087292,0.120027,-0.012862,0.1704,-0.157987,0.0562,-0.294457,0.7606,-0.092603,0.115035,-0.028883,0.1599,-0.143816,0.055202,-0.264935,0.7436,-0.087384,0.126083,-0.015975,0.1884,0.586319,0.353526,-0.088346,0.9999,0.564295,0.341685,0.089756,0.9996,0.527263,0.652014,-0.060525,0.9953,0.72435,0.365273,0.305996,0.8156,0.53328,0.937182,0.001755,0.9968,0.861284,0.340234,0.48211,0.9035,0.540749,0.966902,0.008414,0.9945,0.893215,0.319179,0.499887,0.9125,0.437399,0.990507,-0.032166,0.9872,0.900029,0.383898,0.508121,0.8809
virabhadrasana_tf_0267,0.059757,0.256433,-0.036441,0.9977,0.047927,0.231917,-0.059569,0.9979,0.049922,0.228492,-0.058856,0.9982,0.051611,0.224898,-0.058822,0.9979,0.046591,0.232423,-0.026138,0.9979,0.047874,0.22946,-0.026981,0.9981,0.048793,0.226418,-0.026484,0.998,0.080851,0.199965,-0.111948,0.9976,0.077409,0.203703,0.024661,0.9983,0.089354,0.25178,-0.052548,0.9942,0.087683,0.254092,-0.012239,0.9941,0.200223,0.186843,-0.137571,0.9867,0.17704,0.243949,0.108932,0.9905,0.042473,0.134626,-0.199604,0.9301,0.061315,0.261788,0.241651,0.0794,0.045443,0.15135,-0.078274,0.1174,0.031043,0.226546,0.261068,0.0198,0.047303,0.159932,-0.085426,0.0973,0.02522,0.21553,0.263955,0.0305,0.061009,0.158243,-0.086138,0.0959,0.035902,0.215971,0.249761,0.0315,0.062162,0.157349,-0.075526,0.1159,0.038152,0.219717,0.253373,0.0358,0.526201,0.357683,-0.099964,0.9996,0.525671,0.34313,0.101236,0.9994,0.487027,0.646273,-0.110468,0.9971,0.707487,0.372935,0.252927,0.9498,0.498515,0.92034,-0.148981,0.9939,0.870723,0.363225,0.351421,0.9773,0.516679,0.954773,-0.151692,0.9917,0.901455,0.347259,0.361257,0.9756,0.391834,0.985354,-0.186014,0.9658,0.902704,0.452706,0.366006,0.9642
virabhadrasana_tf_0268,0.03672,0.277962,-0.081078,0.9914,0.028506,0.256567,-0.102098,0.9923,0.027633,0.252466,-0.101456,0.9945,0.028771,0.250739,-0.101386,0.9958,0.026629,0.263929,-0.074052,0.9933,0.026776,0.264328,-0.074881,0.9914,0.027015,0.264697,-0.074238,0.9929,0.043656,0.233634,-0.129366,0.9934,0.044677,0.251135,-0.012939,0.9926,0.064159,0.271811,-0.086893,0.9839,0.060792,0.27984,-0.052166,0.9764,0.146196,0.234626,-0.148025,0.985,0.139479,0.269146,0.09084,0.952,0.016374,0.177776,-0.22714,0.9275,0.032046,0.269877,0.239468,0.0176,0.037881,0.179197,-0.112886,0.0877,0.004054,0.224066,0.28388,0.0042,0.04009,0.180139,-0.121568,0.068,-0.006539,0.206748,0.284755,0.0083,0.055125,0.180817,-0.11513,0.0683,0.003377,0.210092,0.276141,0.0083,0.05553,0.182868,-0.108467,0.0886,0.006451,0.216715,0.279254,0.01,0.467743,0.396517,-0.08719,0.998,0.482914,0.357921,0.088348,0.9979,0.441696,0.674688,-0.047151,0.9934,0.687007,0.371644,0.13867,0.96,0.451685,0.928374,-0.037228,0.9979,0.880929,0.369399,0.176604,0.9892,0.474536,0.963265,-0.036414,0.9973,0.916039,0.354571,0.178392,0.9845,0.362385,0.988893,-0.071995,0.9864,0.923489,0.45106,0.143667,0.9782
virabhadrasana_tf_0269,0.044359,0.269168,-0.029476,0.9963,0.034507,0.245659,-0.051889,0.9976,0.035628,0.243866,-0.05131,0.9981,0.036029,0.242508,-0.051172,0.998,0.033677,0.245588,-0.02211,0.9972,0.034408,0.243778,-0.022877,0.9971,0.034387,0.242606,-0.022222,0.997,0.053009,0.229508,-0.091622,0.9977,0.051324,0.229665,0.033819,0.9967,0.067436,0.264652,-0.040545,0.9915,0.06715,0.264999,-0.003781,0.9896,0.141163,0.244282,-0.122004,0.9918,0.145921,0.247209,0.128426,0.9791,0.016426,0.214927,-0.187646,0.9435,0.046995,0.26184,0.281542,0.0262,0.038644,0.179786,-0.048689,0.1604,0.026547,0.22533,0.338231,0.0086,0.057829,0.181742,-0.052528,0.1135,0.013355,0.200973,0.345078,0.0156,0.060103,0.170524,-0.047341,0.1139,0.028303,0.207297,0.335225,0.0162,0.059608,0.173332,-0.043743,0.1468,0.031553,0.218155,0.334041,0.0191,0.453241,0.40306,-0.090772,0.9985,0.464087,0.369868,0.09201,0.9986,0.427446,0.679066,-0.052146,0.9916,0.682173,0.413586,0.11123,0.9627,0.444526,0.929411,-0.047621,0.9971,0.879232,0.39049,0.128819,0.9897,0.465346,0.959767,-0.04738,0.9963,0.913027,0.373683,0.128812,0.984,0.345745,0.981671,-0.085279,0.9869,0.915355,0.473187,0.090389,0.9811
virabhadrasana_tf_0270,0.047593,0.268953,-0.030017,0.9978,0.036072,0.253697,-0.056457,0.9985,0.038672,0.24808,-0.055764,0.9987,0.039342,0.245765,-0.05564,0.9986,0.034439,0.254502,-0.024626,0.9985,0.034731,0.252732,-0.025601,0.9984,0.035842,0.248034,-0.025209,0.9985,0.058414,0.224557,-0.099793,0.9986,0.05443,0.229771,0.032544,0.9986,0.068723,0.265671,-0.041566,0.9961,0.067614,0.267897,-0.002825,0.9939,0.152004,0.214848,-0.129742,0.9896,0.146478,0.25411,0.121869,0.9777,0.031185,0.177252,-0.285237,0.949,0.029675,0.269303,0.292228,0.0299,0.051863,0.164282,-0.290938,0.2472,-0.011021,0.264654,0.384337,0.0219,0.056465,0.155922,-0.308751,0.1671,-0.023796,0.263378,0.390916,0.0349,0.071081,0.159818,-0.311702,0.1718,-0.012067,0.259382,0.387268,0.036,0.070803,0.167748,-0.293235,0.2194,-0.009591,0.261993,0.384144,0.0425,0.450246,0.398656,-0.088838,0.9984,0.444452,0.393389,0.089578,0.9989,0.410599,0.67797,-0.050309,0.9767,0.670923,0.464749,0.106639,0.9483,0.440188,0.929742,-0.039118,0.9927,0.877414,0.468855,0.113271,0.9838,0.461563,0.959238,-0.03947,0.9899,0.90903,0.453947,0.110402,0.9766,0.347388,0.968426,-0.085102,0.9719,0.923367,0.553744,0.056453,0.9681
virabhadrasana_tf_0271,0.792425,0.682291,-0.336202,1.0,0.810714,0.681524,-0.336584,0.9999,0.812508,0.680778,-0.334998,1.0,0.814189,0.680092,-0.33458,0.9999,0.806166,0.679502,-0.362051,1.0,0.805446,0.678018,-0.362639,1.0,0.804453,0.676036,-0.361335,1.0,0.817101,0.656837,-0.28782,0.9999,0.800347,0.641661,-0.405134,1.0,0.781372,0.672654,-0.31261,1.0,0.776627,0.668965,-0.345135,1.0,0.768019,0.590228,-0.20843,1.0,0.701728,0.561054,-0.368441,1.0,0.704288,0.494333,-0.13973,0.7363,0.643914,0.429305,-0.274051,0.9904,0.608865,0.428159,-0.079562,0.3941,0.606032,0.455166,-0.117264,0.9412,0.585297,0.409561,-0.075701,0.3033,0.58839,0.456808,-0.107742,0.8716,0.578535,0.389994,-0.079675,0.3013,0.594168,0.469088,-0.108522,0.8736,0.587021,0.416776,-0.077926,0.2759,0.597451,0.465372,-0.111752,0.847,0.560113,0.57427,0.053975,0.9999,0.511207,0.52406,-0.052075,1.0,0.551742,0.713768,0.183218,0.9192,0.365853,0.502848,0.109759,0.9974,0.543943,0.876314,0.322128,0.9692,0.285186,0.401013,0.330068,0.9979,0.526722,0.885584,0.33201,0.9369,0.272849,0.377865,0.352613,0.9887,0.597786,0.938957,0.364617,0.9675,0.206026,0.435026,0.348749,0.995
virabhadrasana_tf_0272,0.771214,0.703808,-0.173254,1.0,0.78984,0.70327,-0.196061,1.0,0.793835,0.700298,-0.194696,1.0,0.79667,0.696936,-0.194662,1.0,0.782827,0.710879,-0.208201,1.0,0.780889,0.712541,-0.208759,1.0,0.777358,0.713272,-0.207586,1.0,0.800265,0.669342,-0.23358,1.0,0.770457,0.698239,-0.289152,1.0,0.763012,0.690056,-0.179182,1.0,0.756028,0.695217,-0.193485,1.0,0.764835,0.570517,-0.201508,1.0,0.647112,0.637818,-0.274004,1.0,0.747353,0.425551,-0.149539,0.9403,0.59122,0.516019,-0.159839,0.8287,0.617296,0.439229,-0.080605,0.5155,0.605992,0.4689,-0.029998,0.564,0.603342,0.438192,-0.083871,0.4203,0.589315,0.468376,-0.020004,0.471,0.600956,0.449358,-0.089953,0.4233,0.594896,0.472461,-0.027081,0.4731,0.599142,0.445133,-0.081794,0.3884,0.598259,0.474348,-0.029751,0.4336,0.534333,0.534005,0.039078,0.9999,0.484206,0.525096,-0.037171,1.0,0.530742,0.667461,0.223888,0.5859,0.372894,0.456545,0.177892,0.9937,0.535084,0.844875,0.365172,0.864,0.267295,0.345277,0.422063,0.9961,0.52158,0.854005,0.378347,0.8362,0.255272,0.318243,0.446576,0.9851,0.585354,0.912675,0.448253,0.8378,0.237715,0.39225,0.4516,0.9862
virabhadrasana_tf_0273,0.75182,0.699706,-0.081959,1.0,0.770095,0.703455,-0.106471,1.0,0.774326,0.699123,-0.105344,1.0,0.778313,0.694969,-0.105213,1.0,0.761491,0.710342,-0.111513,1.0,0.75802,0.711958,-0.112559,1.0,0.755283,0.713811,-0.112221,1.0,0.784855,0.671116,-0.161138,1.0,0.748407,0.704209,-0.203741,1.0,0.743139,0.683762,-0.095601,1.0,0.736469,0.691455,-0.106662,1.0,0.756166,0.575278,-0.133923,1.0,0.62817,0.653499,-0.162727,1.0,0.745733,0.439906,-0.067939,0.7396,0.601851,0.501485,-0.068162,0.7506,0.613133,0.448916,-0.037659,0.83,0.608593,0.467482,0.052501,0.7822,0.60019,0.448247,-0.059916,0.7276,0.584216,0.454642,0.0691,0.6745,0.605995,0.462612,-0.064644,0.7479,0.593964,0.467468,0.061583,0.698,0.6097,0.468915,-0.042898,0.7012,0.597932,0.471222,0.052654,0.6643,0.519474,0.491208,0.033955,1.0,0.490158,0.542797,-0.032015,1.0,0.399735,0.414542,0.255519,0.9948,0.488742,0.684123,0.086313,0.9681,0.297973,0.313471,0.489745,0.9804,0.522675,0.808498,0.253183,0.931,0.286521,0.284565,0.511703,0.985,0.508426,0.819016,0.266757,0.8798,0.264888,0.308946,0.517426,0.9712,0.569255,0.885168,0.247042,0.9383
virabhadrasana_tf_0274,0.747764,0.69692,-0.044688,1.0,0.76542,0.701303,-0.080439,1.0,0.769774,0.696999,-0.07943,1.0,0.774649,0.691809,-0.07939,1.0,0.751353,0.710303,-0.081066,1.0,0.746842,0.712975,-0.082343,1.0,0.742524,0.715523,-0.082252,1.0,0.772239,0.67274,-0.176609,1.0,0.729049,0.707847,-0.199354,1.0,0.741434,0.680226,-0.072217,1.0,0.728514,0.688792,-0.077005,1.0,0.75173,0.57144,-0.142544,1.0,0.605623,0.645456,-0.185922,1.0,0.749385,0.435419,-0.078188,0.9303,0.571747,0.51852,-0.093259,0.6865,0.62211,0.450434,-0.043258,0.9509,0.600909,0.466054,0.060782,0.776,0.589977,0.424012,-0.062247,0.8889,0.541833,0.463765,0.080862,0.6431,0.588803,0.431152,-0.070328,0.8988,0.555735,0.466794,0.076303,0.6749,0.598168,0.444806,-0.050583,0.8716,0.564262,0.469153,0.061911,0.6421,0.535283,0.449393,0.029914,1.0,0.49871,0.511509,-0.028035,1.0,0.412431,0.380415,0.290513,0.9958,0.483814,0.666216,0.128658,0.947,0.325128,0.281422,0.547925,0.9777,0.506084,0.801102,0.351813,0.8796,0.312096,0.253444,0.570883,0.9829,0.487302,0.811685,0.371261,0.8441,0.303934,0.306566,0.589534,0.9653,0.579159,0.869233,0.366162,0.9089
virabhadrasana_tf_0275,0.717291,0.706347,-0.01556,1.0,0.735345,0.709278,-0.048976,1.0,0.739138,0.706464,-0.048059,1.0,0.746493,0.700135,-0.048242,1.0,0.719143,0.71753,-0.05338,1.0,0.715349,0.718591,-0.05457,1.0,0.71155,0.719339,-0.054545,0.9999,0.747644,0.676514,-0.142538,1.0,0.704261,0.705588,-0.182254,1.0,0.713536,0.686006,-0.042854,0.9999,0.699912,0.693172,-0.051404,1.0,0.744401,0.566769,-0.114908,1.0,0.592538,0.63042,-0.185077,0.9999,0.754013,0.428009,-0.06123,0.9456,0.539952,0.528981,-0.128878,0.7696,0.623054,0.439011,0.00175,0.9048,0.531972,0.473385,-0.026217,0.7911,0.58726,0.420179,-0.017456,0.8164,0.524019,0.459495,-0.016291,0.6624,0.59041,0.432295,-0.024302,0.8227,0.53598,0.459444,-0.026872,0.7002,0.594958,0.437261,-0.004849,0.7919,0.542409,0.464132,-0.027111,0.6941,0.54093,0.426659,0.039005,1.0,0.491159,0.48892,-0.037136,1.0,0.42047,0.364143,0.276323,0.9974,0.486438,0.636106,0.104324,0.8444,0.338489,0.258885,0.540521,0.9877,0.534921,0.777973,0.361448,0.6257,0.328777,0.233542,0.566094,0.9921,0.509659,0.783618,0.384298,0.6978,0.315555,0.281964,0.588139,0.9748,0.576879,0.840915,0.393332,0.7121
virabhadrasana_tf_0276,0.720663,0.694543,0.03692,0.9999,0.736059,0.699947,0.003109,0.9999,0.741177,0.695471,0.003774,0.9999,0.745315,0.691445,0.00346,0.9998,0.722479,0.707905,-9.1e-05,0.9999,0.717683,0.709737,-0.001375,0.9999,0.712335,0.71136,-0.001363,0.9997,0.744689,0.671917,-0.098921,0.9999,0.698703,0.702597,-0.130279,0.9998,0.716153,0.674675,0.005454,0.9998,0.702915,0.682719,-7.6e-05,0.9998,0.739964,0.564157,-0.085175,1.0,0.591584,0.629986,-0.153275,0.9998,0.750261,0.42671,-0.054956,0.9798,0.538861,0.537696,-0.138618,0.732,0.619884,0.432501,-0.019708,0.942,0.517727,0.477561,-0.077796,0.7152,0.586725,0.412694,-0.043811,0.8771,0.506841,0.463284,-0.075101,0.54,0.583529,0.420945,-0.051919,0.8791,0.516535,0.461047,-0.081002,0.5782,0.587491,0.426303,-0.027066,0.8508,0.524047,0.466187,-0.078194,0.5702,0.541238,0.413393,0.038954,1.0,0.490854,0.477263,-0.037278,1.0,0.423249,0.35132,0.271718,0.9953,0.47757,0.616735,0.124916,0.7303,0.34253,0.245994,0.530122,0.9833,0.506741,0.73451,0.39134,0.5611,0.332964,0.222309,0.554322,0.9893,0.498722,0.746515,0.41558,0.6397,0.318363,0.271201,0.565189,0.9677,0.570636,0.819144,0.414678,0.647
virabhadrasana_tf_0277,0.712436,0.694053,0.009322,0.9998,0.728409,0.699615,-0.025458,0.9998,0.735279,0.6954,-0.02484,0.9999,0.739255,0.691644,-0.025098,0.9998,0.714786,0.707176,-0.029537,0.9998,0.710364,0.708422,-0.030888,0.9998,0.70554,0.709752,-0.030889,0.9995,0.738481,0.670433,-0.125268,0.9999,0.693632,0.698589,-0.158866,0.9997,0.709756,0.673846,-0.020497,0.9998,0.696726,0.680618,-0.026571,0.9998,0.734964,0.560325,-0.108353,1.0,0.588466,0.624449,-0.171806,0.9998,0.743811,0.424004,-0.078504,0.9824,0.548558,0.52694,-0.178529,0.7859,0.625052,0.432994,-0.055142,0.9581,0.545639,0.463611,-0.160077,0.7478,0.588548,0.417842,-0.081554,0.9128,0.577219,0.438227,-0.163737,0.5721,0.58509,0.422888,-0.090178,0.9141,0.586647,0.446837,-0.171274,0.6181,0.591417,0.429225,-0.062561,0.8873,0.59168,0.453423,-0.162136,0.6135,0.537758,0.413983,0.041231,1.0,0.489964,0.470649,-0.03955,1.0,0.423165,0.356218,0.260806,0.9944,0.479169,0.599862,0.134878,0.7393,0.3437,0.241137,0.500209,0.9894,0.502604,0.703367,0.379317,0.6712,0.335837,0.21561,0.523324,0.9938,0.49285,0.712824,0.400153,0.7365,0.315807,0.275105,0.529182,0.9786,0.539661,0.763558,0.386695,0.7153
virabhadrasana_tf_0278,0.711783,0.691057,0.068793,0.9999,0.727025,0.695768,0.033399,0.9999,0.731911,0.691279,0.034134,0.9999,0.736038,0.686991,0.033653,0.9998,0.713023,0.704022,0.029218,0.9999,0.707868,0.705655,0.027932,0.9999,0.703038,0.707805,0.028054,0.9996,0.73578,0.665599,-0.07855,0.9999,0.690827,0.7002,-0.112005,0.9998,0.707428,0.671857,0.034188,0.9998,0.693668,0.680259,0.027817,0.9998,0.726388,0.558066,-0.067962,1.0,0.583831,0.625529,-0.145328,0.9998,0.732931,0.423737,-0.02813,0.9667,0.516175,0.536579,-0.130992,0.7289,0.605553,0.433057,0.023674,0.8767,0.502476,0.478801,-0.064378,0.6956,0.574234,0.418132,0.003333,0.7679,0.492961,0.463334,-0.061082,0.5268,0.570285,0.421147,-0.00426,0.7736,0.504242,0.462179,-0.064778,0.5659,0.58076,0.4326,0.016829,0.7458,0.511285,0.46802,-0.064171,0.5648,0.538161,0.430451,0.042729,1.0,0.482196,0.47567,-0.040999,1.0,0.417598,0.323394,0.254741,0.995,0.465392,0.598512,0.137982,0.6717,0.330623,0.239052,0.49337,0.9836,0.484903,0.695482,0.397404,0.6074,0.321072,0.210553,0.515325,0.9914,0.477147,0.702304,0.419611,0.6689,0.296297,0.267429,0.53994,0.9696,0.55031,0.786574,0.419419,0.704
virabhadrasana_tf_0279,0.720796,0.687738,0.100523,0.9999,0.734493,0.691968,0.064707,0.9999,0.738538,0.687702,0.065368,1.0,0.74313,0.682853,0.064781,0.9999,0.721527,0.701739,0.062336,0.9999,0.71689,0.704666,0.061009,0.9999,0.712381,0.70747,0.061266,0.9997,0.739615,0.6649,-0.051034,1.0,0.697609,0.701191,-0.074959,0.9999,0.716264,0.66933,0.064337,0.9999,0.702589,0.679307,0.060149,0.9999,0.721306,0.553813,-0.053476,1.0,0.58815,0.634518,-0.125482,0.9999,0.714893,0.421631,-0.03299,0.985,0.505434,0.570603,-0.115391,0.9038,0.599177,0.43547,0.005407,0.9112,0.481696,0.518899,-0.048412,0.7323,0.56369,0.418479,-0.008649,0.8344,0.469647,0.503387,-0.047464,0.5356,0.565183,0.426544,-0.019805,0.8351,0.479011,0.502335,-0.047748,0.5698,0.569604,0.433617,-0.000941,0.8027,0.486768,0.507954,-0.047107,0.5802,0.529469,0.437635,0.048834,1.0,0.476832,0.484736,-0.047246,1.0,0.39478,0.366662,0.237718,0.9952,0.466478,0.586046,0.175512,0.7342,0.308691,0.252143,0.44908,0.9903,0.464842,0.647846,0.43084,0.582,0.297661,0.223998,0.469304,0.9942,0.454098,0.649601,0.451665,0.6304,0.270825,0.276703,0.499401,0.982,0.484241,0.701424,0.467522,0.6626
virabhadrasana_tf_0280,0.724301,0.684514,0.109848,0.9999,0.738805,0.689058,0.078433,0.9999,0.742607,0.68473,0.079067,0.9999,0.746445,0.680204,0.078459,0.9999,0.726138,0.699859,0.074926,0.9999,0.721791,0.702863,0.073554,0.9999,0.717381,0.705826,0.073686,0.9997,0.741679,0.664209,-0.028822,0.9999,0.703333,0.701239,-0.056226,0.9998,0.718805,0.666728,0.075161,0.9999,0.706447,0.678022,0.070312,0.9998,0.717659,0.554331,-0.033223,1.0,0.591862,0.63888,-0.114991,0.9998,0.716313,0.420591,-0.020992,0.981,0.507174,0.581286,-0.121702,0.8966,0.59313,0.437397,0.013457,0.8526,0.49044,0.538883,-0.071594,0.7314,0.566263,0.424528,-0.001111,0.7658,0.479578,0.524822,-0.070182,0.5377,0.562066,0.430303,-0.012353,0.7665,0.491063,0.522741,-0.072667,0.5905,0.571047,0.439686,0.006753,0.7286,0.498648,0.528772,-0.071208,0.6137,0.523919,0.43835,0.054227,1.0,0.470336,0.488205,-0.052599,1.0,0.38095,0.374942,0.228891,0.9969,0.476695,0.611207,0.13643,0.7197,0.292007,0.251715,0.415445,0.9908,0.464625,0.662724,0.392964,0.4349,0.282364,0.222819,0.432971,0.9948,0.453854,0.661805,0.414713,0.5349,0.248703,0.277336,0.468143,0.9838,0.479062,0.715636,0.441694,0.5692
virabhadrasana_tf_0281,0.730022,0.680911,0.108787,0.9997,0.746423,0.683863,0.080721,0.9997,0.750083,0.679583,0.08149,0.9998,0.75402,0.674769,0.080996,0.9996,0.73431,0.694024,0.0759,0.9996,0.730038,0.697221,0.074695,0.9996,0.725768,0.700373,0.074719,0.9989,0.749858,0.657426,-0.009572,0.9997,0.714583,0.694819,-0.0484,0.9993,0.722699,0.663922,0.081039,0.9995,0.710694,0.674666,0.071875,0.9994,0.715471,0.545558,-0.012876,1.0,0.600104,0.638812,-0.085934,0.9997,0.709243,0.414137,0.006027,0.899,0.525053,0.559356,-0.042299,0.4869,0.580407,0.440498,0.046366,0.706,0.510619,0.50743,0.048086,0.4287,0.554131,0.431642,0.031149,0.56,0.500632,0.491931,0.05997,0.3152,0.554227,0.440265,0.023564,0.5692,0.509151,0.490197,0.055051,0.347,0.559929,0.444851,0.038728,0.5512,0.51641,0.495138,0.04831,0.3605,0.514402,0.445716,0.045218,1.0,0.462079,0.500259,-0.043333,1.0,0.359947,0.371374,0.23466,0.9945,0.482195,0.644616,0.136424,0.5748,0.265469,0.254393,0.430583,0.9722,0.505992,0.720673,0.432318,0.252,0.253164,0.228997,0.449372,0.9866,0.49333,0.729864,0.459075,0.3621,0.226014,0.282208,0.475507,0.9365,0.546597,0.779231,0.496789,0.3687
virabhadrasana_tf_0282,0.730488,0.661191,0.022012,0.9998,0.748023,0.664162,-0.010256,0.9998,0.751942,0.659609,-0.009325,0.9998,0.755776,0.654658,-0.009466,0.9998,0.737217,0.676025,-0.018738,0.9997,0.733893,0.679512,-0.019018,0.9996,0.730502,0.68287,-0.018435,0.9995,0.755559,0.639174,-0.0886,0.9998,0.72227,0.677226,-0.133656,0.9996,0.725387,0.64574,0.000903,0.9998,0.7145,0.657319,-0.011555,0.9997,0.715868,0.531345,-0.072999,1.0,0.613627,0.632296,-0.17914,1.0,0.705773,0.400404,-0.033011,0.9131,0.501362,0.616004,-0.100417,0.8756,0.588779,0.448079,0.071079,0.4098,0.495878,0.673518,0.054877,0.2465,0.563254,0.446714,0.080532,0.3042,0.463127,0.648625,0.073411,0.2117,0.56213,0.455062,0.075001,0.2955,0.478707,0.649975,0.069025,0.2142,0.569435,0.45551,0.070255,0.2814,0.486771,0.64248,0.05679,0.2056,0.508274,0.451684,0.054741,0.9994,0.450654,0.499992,-0.052754,0.9999,0.531278,0.528328,0.357962,0.0758,0.340236,0.393418,0.121153,0.9092,0.485251,0.590191,0.573575,0.1074,0.236954,0.271015,0.279528,0.9259,0.464472,0.587541,0.591623,0.1703,0.219401,0.238664,0.29677,0.8873,0.507034,0.639052,0.649996,0.1769,0.206772,0.307097,0.267391,0.8842
virabhadrasana_tf_0283,0.735405,0.652258,0.046916,1.0,0.752946,0.653817,0.017625,1.0,0.756957,0.649322,0.018666,1.0,0.761027,0.644354,0.018498,1.0,0.742179,0.665611,0.00861,0.9999,0.739053,0.669103,0.008561,0.9999,0.735958,0.672361,0.008927,0.9999,0.760057,0.628903,-0.054096,0.9999,0.728466,0.667031,-0.102936,0.9999,0.730178,0.637318,0.026988,1.0,0.720053,0.648902,0.013249,0.9999,0.717078,0.522023,-0.032857,1.0,0.617953,0.62395,-0.167926,1.0,0.699635,0.392838,0.02706,0.9278,0.508855,0.623344,-0.093506,0.9726,0.594568,0.451104,0.135844,0.3524,0.492931,0.687232,0.050879,0.4842,0.573002,0.453308,0.139875,0.2498,0.458083,0.68627,0.070682,0.3937,0.571918,0.461667,0.139041,0.2451,0.474743,0.689305,0.061734,0.4017,0.577363,0.463204,0.135695,0.2523,0.483798,0.679117,0.051329,0.358,0.50071,0.455776,0.068745,0.9998,0.446662,0.493187,-0.066639,1.0,0.555408,0.538126,0.376758,0.0842,0.322706,0.383227,0.020735,0.9734,0.486694,0.623409,0.567815,0.212,0.223168,0.266926,0.1168,0.9785,0.457869,0.622315,0.581896,0.2825,0.208519,0.236363,0.128189,0.9414,0.531072,0.716026,0.639195,0.2791,0.176307,0.314878,0.076999,0.9591
virabhadrasana_tf_0284,0.74355,0.639172,0.054159,0.9999,0.760284,0.640317,0.02288,0.9999,0.763551,0.635665,0.023882,0.9999,0.766753,0.630559,0.023843,0.9999,0.750918,0.652326,0.015529,0.9998,0.747956,0.655825,0.015389,0.9998,0.74481,0.659321,0.01576,0.9997,0.764462,0.614589,-0.05323,0.9998,0.735791,0.655032,-0.095024,0.9997,0.736067,0.624498,0.033811,0.9999,0.726834,0.636204,0.022227,0.9998,0.719175,0.511328,-0.034979,1.0,0.625043,0.618657,-0.153178,1.0,0.691856,0.38008,0.025878,0.9204,0.515399,0.611528,-0.089457,0.962,0.593247,0.448992,0.138746,0.2943,0.49498,0.678349,0.037434,0.4694,0.573842,0.454371,0.143048,0.205,0.493496,0.68644,0.061518,0.3889,0.573593,0.463438,0.147128,0.2011,0.497145,0.659577,0.051646,0.3993,0.578422,0.46368,0.140841,0.2177,0.505102,0.650465,0.038091,0.3637,0.497681,0.455528,0.064246,0.9996,0.446581,0.490552,-0.061998,1.0,0.551763,0.523453,0.348254,0.1074,0.322734,0.386702,0.031179,0.9508,0.473529,0.590971,0.534636,0.2085,0.2109,0.273172,0.122301,0.9719,0.444733,0.589381,0.548867,0.2923,0.19331,0.241237,0.133135,0.9394,0.492725,0.648429,0.610849,0.2484,0.172851,0.31696,0.086165,0.946
virabhadrasana_tf_0285,0.768946,0.58106,0.022567,0.9999,0.785072,0.581105,0.000307,0.9999,0.787804,0.575629,0.001223,0.9999,0.790664,0.569649,0.001109,0.9999,0.77712,0.593834,-0.011122,0.9999,0.77424,0.59743,-0.011361,0.9999,0.771062,0.601299,-0.011068,0.9999,0.786785,0.553881,-0.053124,0.9999,0.759862,0.597772,-0.112404,0.9999,0.759974,0.565712,0.00854,0.9999,0.749978,0.579622,-0.008554,0.9998,0.722581,0.454489,-0.014628,0.9999,0.640753,0.571065,-0.192014,1.0,0.67591,0.337064,0.064417,0.7549,0.512062,0.554915,-0.144296,0.9814,0.614067,0.426143,0.17592,0.1238,0.484231,0.641683,-0.002063,0.5087,0.602034,0.424897,0.184168,0.1012,0.485816,0.664269,0.013895,0.3917,0.603044,0.452746,0.176798,0.1023,0.498921,0.663543,0.015193,0.389,0.605328,0.449288,0.173036,0.1078,0.497438,0.653018,0.001285,0.3517,0.491612,0.428839,0.075088,0.9993,0.448737,0.453258,-0.072953,0.9998,0.460322,0.496605,0.248315,0.1272,0.306322,0.379067,0.087057,0.862,0.38877,0.549222,0.372336,0.2306,0.173311,0.27696,0.248524,0.9175,0.368043,0.545911,0.381291,0.3782,0.15347,0.249347,0.26632,0.8777,0.39582,0.60314,0.425788,0.3234,0.130527,0.32831,0.235672,0.8711
virabhadrasana_tf_0286,0.773357,0.565392,0.050102,0.9999,0.790185,0.565368,0.027188,0.9999,0.792811,0.559997,0.02809,0.9999,0.795452,0.554356,0.028064,0.9999,0.782542,0.578665,0.016472,0.9999,0.779809,0.582537,0.016355,0.9999,0.776837,0.5865,0.016506,0.9999,0.791499,0.540189,-0.031187,0.9999,0.76583,0.5831,-0.087842,0.9998,0.764443,0.550766,0.034371,0.9998,0.754632,0.564558,0.018057,0.9998,0.721949,0.442465,0.005079,0.9999,0.647389,0.560428,-0.176317,1.0,0.672106,0.326889,0.095837,0.7421,0.513435,0.5434,-0.145398,0.9878,0.614899,0.426584,0.22,0.1083,0.483458,0.636213,-0.025523,0.6555,0.60973,0.43978,0.22847,0.0889,0.485963,0.658202,-0.007692,0.5339,0.612406,0.455646,0.224212,0.0892,0.495671,0.661322,-0.009817,0.5324,0.611202,0.446407,0.218009,0.0983,0.496128,0.653322,-0.023206,0.4774,0.486692,0.421984,0.078835,0.9994,0.448324,0.447752,-0.076658,0.9999,0.453898,0.481218,0.252058,0.093,0.303161,0.376972,0.065622,0.8066,0.369688,0.521019,0.376079,0.1811,0.166327,0.275258,0.207643,0.905,0.347664,0.515218,0.384702,0.3599,0.144054,0.245193,0.223934,0.8849,0.372558,0.57588,0.426463,0.259,0.12379,0.326461,0.186215,0.8622
virabhadrasana_tf_0287,0.777528,0.540877,0.011437,1.0,0.79485,0.539228,-0.013945,1.0,0.797102,0.533795,-0.012857,1.0,0.799154,0.528189,-0.013026,1.0,0.787896,0.552315,-0.023652,1.0,0.78541,0.556187,-0.023735,1.0,0.782745,0.560267,-0.023454,1.0,0.79402,0.51365,-0.071225,1.0,0.772281,0.555931,-0.123401,1.0,0.767634,0.526562,-0.00399,1.0,0.758673,0.54039,-0.018647,1.0,0.723789,0.417059,-0.017029,1.0,0.653574,0.540862,-0.205769,1.0,0.671315,0.307309,0.089584,0.6291,0.522779,0.532474,-0.166921,0.9906,0.617029,0.414699,0.208277,0.1213,0.482582,0.633387,-0.046782,0.7024,0.614518,0.429492,0.216111,0.1038,0.482979,0.65355,-0.034599,0.5722,0.614783,0.439932,0.211042,0.103,0.49733,0.653885,-0.036094,0.5657,0.615476,0.435522,0.206646,0.1103,0.495406,0.644556,-0.044655,0.4995,0.488514,0.414562,0.077879,0.9997,0.447339,0.439454,-0.075848,1.0,0.53564,0.508392,0.333675,0.1384,0.294962,0.368699,0.057361,0.9611,0.497349,0.616799,0.51783,0.3083,0.153005,0.271322,0.199672,0.9808,0.469153,0.599976,0.531109,0.449,0.129821,0.242286,0.214747,0.953,0.538289,0.676513,0.590568,0.4316,0.107362,0.322948,0.169408,0.9656
virabhadrasana_tf_0288,0.867934,0.597508,-0.072077,0.9999,0.889225,0.593926,-0.099386,0.9999,0.892972,0.586298,-0.09805,0.9999,0.896322,0.578786,-0.098386,0.9999,0.878271,0.610744,-0.105443,1.0,0.87469,0.615674,-0.105642,0.9999,0.871179,0.620231,-0.104992,0.9999,0.888851,0.55923,-0.149518,0.9999,0.858024,0.613903,-0.185785,0.9999,0.853873,0.578554,-0.08352,0.9999,0.844374,0.597287,-0.093275,0.9999,0.804048,0.438499,-0.074159,0.9999,0.694081,0.580956,-0.253863,1.0,0.785614,0.314578,0.052962,0.6075,0.528827,0.604044,-0.185189,0.9884,0.755279,0.428529,0.210777,0.1212,0.508283,0.71655,-0.056342,0.6859,0.757636,0.44231,0.221192,0.1097,0.514548,0.748489,-0.057646,0.5364,0.757799,0.464767,0.21498,0.1104,0.532161,0.746763,-0.061111,0.5231,0.752601,0.457871,0.21121,0.1146,0.52818,0.730449,-0.056455,0.4782,0.527088,0.400737,0.069311,0.9991,0.462721,0.445207,-0.067032,0.9999,0.605622,0.547406,0.253253,0.1662,0.275127,0.340504,0.050147,0.9277,0.506959,0.666304,0.386345,0.4052,0.120038,0.202951,0.192793,0.9724,0.468442,0.666293,0.393456,0.5372,0.096013,0.166448,0.205659,0.9318,0.562375,0.765954,0.438743,0.4419,0.07414,0.266017,0.159483,0.9391
virabhadrasana_tf_0289,0.72749,0.519048,-0.276555,0.9999,0.748367,0.51773,-0.300106,0.9999,0.753649,0.51388,-0.298415,0.9999,0.758774,0.510705,-0.298366,0.9999,0.736222,0.522235,-0.31077,0.9999,0.73238,0.522488,-0.311175,0.9998,0.727837,0.522933,-0.310231,0.9998,0.769017,0.471577,-0.306567,0.9999,0.718711,0.501275,-0.359463,0.9998,0.719404,0.498936,-0.267439,0.9999,0.70634,0.503589,-0.282249,0.9998,0.767322,0.338254,-0.217364,1.0,0.534163,0.444752,-0.328902,0.9999,0.901434,0.32395,-0.05579,0.5364,0.382563,0.567117,-0.233844,0.9733,0.851422,0.463835,0.043661,0.3489,0.535939,0.642558,-0.12786,0.8407,0.851376,0.490325,0.050974,0.329,0.569908,0.657259,-0.149855,0.8027,0.824739,0.499574,0.032549,0.3405,0.583884,0.644493,-0.138001,0.7997,0.822121,0.494146,0.040991,0.3457,0.577658,0.636099,-0.124448,0.7528,0.459342,0.300604,0.05748,1.0,0.350754,0.301665,-0.055775,1.0,0.519522,0.495883,0.204452,0.6868,0.20531,0.211744,0.171047,0.9906,0.442177,0.697591,0.369722,0.8396,0.070378,0.054109,0.386499,0.9965,0.414954,0.703424,0.385777,0.8633,0.053309,0.009261,0.409266,0.9878,0.477652,0.795294,0.424972,0.8086,0.030709,0.111691,0.401679,0.9861
virabhadrasana_tf_0290,0.707569,0.489632,-0.271765,0.9999,0.731062,0.49114,-0.298006,0.9999,0.738206,0.48291,-0.29666,0.9999,0.743721,0.480998,-0.296797,0.9999,0.71738,0.493268,-0.308568,0.9998,0.712547,0.491575,-0.308747,0.9998,0.708297,0.490578,-0.30806,0.9998,0.754094,0.437922,-0.319297,0.9999,0.696814,0.472418,-0.373707,0.9998,0.701728,0.475375,-0.269224,0.9999,0.688511,0.476877,-0.284553,0.9998,0.7403,0.324953,-0.228974,1.0,0.507797,0.416502,-0.353562,0.9999,0.869129,0.326822,-0.108779,0.3416,0.378071,0.538934,-0.290442,0.9732,0.824139,0.486882,-0.086051,0.6281,0.522116,0.643762,-0.259172,0.9246,0.814958,0.51738,-0.097428,0.6714,0.554132,0.665306,-0.302433,0.9016,0.788535,0.524616,-0.129096,0.6855,0.571353,0.651799,-0.298357,0.9005,0.7804,0.517278,-0.0962,0.6506,0.567116,0.64405,-0.261624,0.8726,0.453902,0.27663,0.060902,0.9999,0.339697,0.275668,-0.05893,1.0,0.491704,0.442789,0.284101,0.3304,0.194288,0.195131,0.137258,0.9749,0.421213,0.61487,0.494804,0.6407,0.077953,0.053546,0.364525,0.9892,0.418361,0.643019,0.513548,0.7086,0.062003,0.011852,0.386549,0.9604,0.461711,0.74288,0.554848,0.6524,0.030902,0.109195,0.358462,0.9683
virabhadrasana_tf_0291,0.687412,0.457658,-0.246025,0.9999,0.710258,0.455974,-0.273986,0.9999,0.717577,0.454573,-0.272814,0.9999,0.726231,0.451504,-0.272878,0.9999,0.689786,0.45633,-0.285538,0.9999,0.68348,0.455504,-0.285632,0.9998,0.676183,0.454515,-0.285088,0.9998,0.735677,0.422687,-0.307108,0.9999,0.662206,0.438526,-0.368147,0.9997,0.684319,0.448665,-0.247732,0.9999,0.66355,0.446007,-0.264269,0.9998,0.732365,0.314748,-0.230012,0.9999,0.497057,0.392832,-0.349421,0.9997,0.876255,0.344566,-0.136563,0.2902,0.385709,0.502871,-0.309502,0.9461,0.815826,0.525309,-0.137757,0.8012,0.524922,0.636057,-0.299502,0.9247,0.812497,0.558414,-0.152691,0.8225,0.555169,0.662902,-0.342253,0.8994,0.787244,0.561698,-0.185848,0.8376,0.570956,0.656209,-0.33832,0.8992,0.778867,0.549402,-0.148837,0.8028,0.567825,0.64699,-0.302356,0.865,0.452665,0.275298,0.063625,0.9999,0.331294,0.264963,-0.061602,1.0,0.528487,0.453862,0.236052,0.417,0.201511,0.192419,0.177748,0.9555,0.466293,0.606541,0.412736,0.6695,0.090834,0.062704,0.440712,0.98,0.440032,0.610173,0.42894,0.7151,0.074053,0.021278,0.46505,0.9385,0.48404,0.719297,0.460099,0.7744,0.044039,0.118197,0.442425,0.965
virabhadrasana_tf_0292,0.6626,0.457647,-0.272751,1.0,0.682724,0.452862,-0.296009,1.0,0.688709,0.450153,-0.294896,1.0,0.694781,0.447503,-0.294985,1.0,0.663341,0.456441,-0.307445,1.0,0.656591,0.456448,-0.307837,0.9999,0.650226,0.456566,-0.306916,0.9999,0.695782,0.412817,-0.312594,1.0,0.634156,0.431171,-0.376711,0.9999,0.659428,0.442813,-0.26905,1.0,0.638252,0.44473,-0.286321,0.9999,0.70848,0.301044,-0.236928,0.9999,0.480399,0.373388,-0.376029,0.9995,0.859071,0.354022,-0.199396,0.5542,0.398964,0.508878,-0.434519,0.9685,0.831114,0.541955,-0.285508,0.9257,0.539272,0.650344,-0.520779,0.9695,0.83146,0.578028,-0.312331,0.9341,0.555575,0.68589,-0.580406,0.9548,0.818468,0.588989,-0.347429,0.939,0.57386,0.678678,-0.568478,0.9549,0.806668,0.576284,-0.299194,0.9201,0.573757,0.66703,-0.523397,0.9405,0.433564,0.250942,0.063814,1.0,0.316657,0.247761,-0.061967,1.0,0.490654,0.443601,0.191428,0.6204,0.208001,0.178525,0.170879,0.9574,0.442645,0.614062,0.35477,0.855,0.111895,0.068456,0.448129,0.9789,0.420326,0.627183,0.368903,0.8733,0.100947,0.033499,0.47258,0.9479,0.472556,0.713362,0.375695,0.911,0.061964,0.121836,0.446397,0.9682
virabhadrasana_tf_0293,0.639565,0.435332,-0.324758,0.9999,0.658408,0.428814,-0.349997,0.9999,0.666341,0.426819,-0.348979,0.9999,0.671865,0.424044,-0.34893,0.9999,0.640983,0.433197,-0.359177,0.9999,0.635404,0.433856,-0.359548,0.9999,0.627086,0.433054,-0.358896,0.9999,0.669694,0.388924,-0.366508,0.9999,0.610276,0.411219,-0.418958,0.9997,0.63057,0.422399,-0.319973,0.9999,0.61315,0.427471,-0.334728,0.9999,0.682752,0.296533,-0.291062,0.9998,0.475264,0.371565,-0.406056,0.9988,0.846344,0.363394,-0.259263,0.7026,0.436825,0.512091,-0.432796,0.9751,0.857525,0.555397,-0.347583,0.963,0.578547,0.649773,-0.496339,0.9753,0.854697,0.587784,-0.385978,0.9601,0.587897,0.695733,-0.559186,0.9608,0.83912,0.598912,-0.415323,0.964,0.604238,0.691661,-0.55555,0.9621,0.832997,0.588988,-0.361717,0.9531,0.605317,0.672,-0.502255,0.9494,0.438174,0.258368,0.059005,0.9999,0.334848,0.258485,-0.056947,0.9998,0.48374,0.410351,0.265103,0.2571,0.232823,0.18483,0.21621,0.8466,0.425766,0.525609,0.5161,0.4756,0.141202,0.082062,0.514613,0.9418,0.41051,0.529498,0.540064,0.5618,0.131285,0.048115,0.541525,0.8887,0.414074,0.606797,0.537862,0.6512,0.107246,0.128846,0.495987,0.9202
virabhadrasana_tf_0294,0.633588,0.445497,-0.345999,1.0,0.654473,0.434942,-0.369892,1.0,0.660053,0.431054,-0.368902,1.0,0.665184,0.427434,-0.368808,1.0,0.633979,0.440005,-0.37986,1.0,0.626484,0.440459,-0.380296,0.9999,0.619677,0.440835,-0.379501,0.9999,0.65963,0.392767,-0.377931,0.9999,0.603096,0.418842,-0.433481,0.9998,0.625514,0.433366,-0.337702,1.0,0.60415,0.438479,-0.353385,0.9999,0.672677,0.309649,-0.308953,0.9999,0.484509,0.382894,-0.406471,0.9985,0.832608,0.383553,-0.297662,0.8207,0.488643,0.513816,-0.459743,0.9379,0.889397,0.556539,-0.385127,0.9523,0.614662,0.649533,-0.54964,0.9358,0.901785,0.594424,-0.422283,0.9419,0.629662,0.694896,-0.609904,0.9084,0.891398,0.611273,-0.448462,0.9463,0.652578,0.68574,-0.604727,0.9088,0.88388,0.601705,-0.398372,0.9338,0.648518,0.667053,-0.554865,0.8888,0.445767,0.280557,0.049727,0.9999,0.354938,0.27203,-0.047918,0.9999,0.470379,0.460531,0.234292,0.4106,0.263646,0.206237,0.195692,0.8642,0.410706,0.667419,0.468671,0.6974,0.176229,0.104602,0.515841,0.9429,0.400151,0.686133,0.490379,0.7198,0.168865,0.069198,0.544053,0.8615,0.454684,0.732679,0.479746,0.8023,0.144357,0.137831,0.495336,0.9273
virabhadrasana_tf_0295,0.621252,0.467907,-0.35782,1.0,0.636956,0.457902,-0.382894,1.0,0.641535,0.453798,-0.381758,1.0,0.64686,0.449714,-0.381657,1.0,0.620455,0.465783,-0.391561,1.0,0.61402,0.466174,-0.391953,0.9999,0.608085,0.466232,-0.390967,0.9999,0.644814,0.417246,-0.395414,1.0,0.593128,0.446716,-0.446678,0.9998,0.614275,0.453749,-0.34994,1.0,0.596219,0.461593,-0.364787,0.9999,0.663365,0.337636,-0.335159,0.9999,0.493554,0.417257,-0.402514,0.9983,0.813353,0.403447,-0.32608,0.8816,0.492593,0.517724,-0.485348,0.9035,0.932016,0.531007,-0.410567,0.973,0.607804,0.637044,-0.609242,0.8882,0.957388,0.552612,-0.441792,0.9648,0.612628,0.674476,-0.6711,0.8561,0.95298,0.565009,-0.467765,0.9682,0.627914,0.662547,-0.660003,0.8569,0.943938,0.563532,-0.422424,0.9573,0.630395,0.648904,-0.613161,0.8358,0.466843,0.319792,0.043575,1.0,0.373278,0.310083,-0.041549,0.9999,0.470673,0.487447,0.171761,0.6729,0.303223,0.237112,0.192847,0.9251,0.428853,0.697284,0.378591,0.9135,0.214089,0.140519,0.503962,0.9611,0.421904,0.719312,0.398202,0.8984,0.204739,0.109193,0.531902,0.8723,0.467109,0.769681,0.383102,0.9377,0.186406,0.167889,0.496664,0.9461
virabhadrasana_tf_0296,0.608494,0.493333,-0.354827,1.0,0.625686,0.485075,-0.381611,1.0,0.630034,0.481187,-0.380435,1.0,0.637262,0.477733,-0.380423,1.0,0.609176,0.493113,-0.388211,1.0,0.603154,0.493772,-0.38879,1.0,0.597642,0.494267,-0.387811,1.0,0.638077,0.450402,-0.404565,1.0,0.583185,0.478474,-0.448374,0.9999,0.603144,0.479869,-0.3498,1.0,0.585491,0.487768,-0.362618,1.0,0.653957,0.383191,-0.356615,1.0,0.484657,0.441762,-0.403605,0.9986,0.783255,0.446654,-0.349928,0.9605,0.471754,0.532577,-0.508406,0.8817,0.91127,0.539394,-0.433907,0.9826,0.579997,0.626196,-0.660203,0.8242,0.952999,0.563769,-0.468519,0.9747,0.583946,0.665346,-0.725951,0.7814,0.948172,0.575153,-0.49204,0.9775,0.600996,0.656607,-0.717523,0.785,0.932593,0.568531,-0.444619,0.9693,0.602118,0.64185,-0.666111,0.7577,0.472199,0.361038,0.036113,1.0,0.4007,0.336301,-0.03408,1.0,0.48111,0.529833,0.110645,0.7885,0.352204,0.307128,0.218221,0.8958,0.448048,0.735776,0.274942,0.9374,0.275472,0.20589,0.546076,0.9678,0.427266,0.746893,0.291631,0.9204,0.264066,0.181791,0.575524,0.8849,0.469725,0.801648,0.277382,0.9349,0.236161,0.227326,0.558723,0.9382
virabhadrasana_tf_0297,0.615536,0.538459,-0.352081,1.0,0.628474,0.533333,-0.384151,1.0,0.634402,0.527664,-0.383164,1.0,0.638347,0.523935,-0.382924,1.0,0.6145,0.540597,-0.388023,1.0,0.60915,0.541595,-0.388686,1.0,0.602833,0.545308,-0.387445,1.0,0.636926,0.497376,-0.428737,1.0,0.585607,0.52921,-0.458686,1.0,0.60819,0.525022,-0.356451,1.0,0.593048,0.531083,-0.364871,1.0,0.652811,0.429999,-0.366919,0.9999,0.496853,0.503568,-0.419932,0.9991,0.782891,0.504968,-0.350546,0.9817,0.48913,0.606088,-0.453651,0.9706,0.897244,0.603178,-0.430505,0.9944,0.566157,0.687847,-0.558947,0.9222,0.933725,0.625,-0.468996,0.9902,0.564826,0.722401,-0.618214,0.8896,0.928753,0.63677,-0.493683,0.9912,0.585144,0.715015,-0.617643,0.8964,0.914712,0.631873,-0.441312,0.9882,0.581864,0.700155,-0.566607,0.8823,0.477479,0.387971,0.032181,1.0,0.407795,0.397568,-0.030187,0.9999,0.501903,0.524557,0.190108,0.6767,0.358779,0.307238,0.265011,0.8838,0.469856,0.704539,0.383875,0.8988,0.307991,0.245831,0.599179,0.948,0.454901,0.727803,0.404588,0.9127,0.302835,0.224374,0.628698,0.8964,0.469488,0.768475,0.386841,0.9409,0.283046,0.259451,0.594196,0.9393
virabhadrasana_tf_0298,0.619285,0.56977,-0.343229,0.9998,0.632794,0.563495,-0.378182,0.9998,0.636415,0.559591,-0.377111,0.9998,0.640266,0.555587,-0.376855,0.9998,0.619495,0.56961,-0.379937,0.9998,0.614909,0.570058,-0.380401,0.9997,0.610274,0.570612,-0.379622,0.9997,0.64262,0.534886,-0.424028,0.9997,0.59307,0.558301,-0.442673,0.9993,0.615077,0.554588,-0.347168,0.9998,0.599155,0.560549,-0.352944,0.9994,0.65623,0.470606,-0.361839,0.9995,0.500529,0.54101,-0.415626,0.9971,0.776332,0.541514,-0.346527,0.9745,0.482241,0.627254,-0.409789,0.9761,0.877629,0.634911,-0.412128,0.9886,0.540837,0.714662,-0.467363,0.8758,0.913525,0.661435,-0.44987,0.9827,0.540246,0.76089,-0.520718,0.8328,0.908404,0.674557,-0.471298,0.9835,0.556807,0.741106,-0.518145,0.8329,0.893341,0.665965,-0.420651,0.9752,0.560537,0.729913,-0.47218,0.7993,0.494279,0.418618,0.038549,0.9994,0.425038,0.422584,-0.036506,0.9984,0.530175,0.492591,0.303727,0.0827,0.381664,0.346168,0.281285,0.5187,0.511765,0.555857,0.598044,0.2542,0.337189,0.275605,0.626763,0.7594,0.502599,0.558479,0.630739,0.3977,0.331538,0.255807,0.659087,0.734,0.506828,0.595816,0.635741,0.389,0.320042,0.288615,0.628799,0.6891
virabhadrasana_tf_0299,0.612141,0.622379,-0.407752,0.9999,0.622254,0.617054,-0.441298,0.9999,0.626817,0.614513,-0.440653,0.9999,0.632871,0.610906,-0.440167,0.9999,0.608436,0.621585,-0.44717,0.9999,0.602249,0.61996,-0.447638,0.9999,0.597353,0.619775,-0.446788,0.9999,0.63596,0.588511,-0.470018,0.9999,0.583834,0.606606,-0.503052,0.9997,0.613916,0.610161,-0.405445,0.9998,0.594572,0.611539,-0.416457,0.9997,0.663788,0.531726,-0.399725,0.9987,0.506028,0.582509,-0.460086,0.9965,0.759016,0.598552,-0.374437,0.9417,0.50459,0.706641,-0.466799,0.985,0.840238,0.681399,-0.452883,0.9763,0.508176,0.860994,-0.537608,0.9291,0.87407,0.713065,-0.508145,0.968,0.507684,0.893899,-0.6069,0.9035,0.863652,0.72581,-0.531207,0.9702,0.519058,0.899191,-0.604912,0.9032,0.84966,0.716007,-0.465703,0.95,0.5187,0.886226,-0.545146,0.8578,0.520031,0.469133,0.034371,0.9986,0.457509,0.474803,-0.032448,0.998,0.520926,0.509523,0.413023,0.0268,0.431344,0.421948,0.305497,0.4122,0.540668,0.53822,0.771568,0.1279,0.394385,0.338846,0.649295,0.6643,0.541896,0.537691,0.810391,0.2705,0.393715,0.319014,0.681736,0.727,0.535202,0.563897,0.820186,0.2186,0.34602,0.321014,0.647829,0.5126
virabhadrasana_tf_0300,0.611834,0.635602,-0.537421,0.9998,0.61854,0.626004,-0.562156,0.9998,0.621467,0.623694,-0.561389,0.9998,0.624737,0.621462,-0.560779,0.9998,0.606809,0.631666,-0.564872,0.9998,0.598929,0.629838,-0.565337,0.9998,0.594871,0.629672,-0.5643,0.9998,0.628229,0.600665,-0.532523,0.9996,0.574529,0.619492,-0.552942,0.9994,0.609651,0.626394,-0.512426,0.9996,0.596849,0.629965,-0.520017,0.9994,0.647492,0.561275,-0.432764,0.9993,0.498886,0.60621,-0.452903,0.9986,0.74694,0.599623,-0.407176,0.9621,0.48951,0.692732,-0.428783,0.9878,0.817891,0.663616,-0.478916,0.9848,0.509743,0.811883,-0.511635,0.9176,0.843668,0.689094,-0.52174,0.9798,0.505715,0.855142,-0.578164,0.8952,0.83039,0.700672,-0.541085,0.9804,0.501816,0.848098,-0.579797,0.8878,0.817077,0.691498,-0.487667,0.9638,0.516781,0.836784,-0.520309,0.8354,0.5356,0.493223,0.025983,0.9994,0.46237,0.497618,-0.024184,0.9991,0.547079,0.543488,0.388484,0.018,0.442259,0.429815,0.303981,0.7049,0.539437,0.579286,0.74307,0.1457,0.415379,0.367369,0.641172,0.8624,0.534673,0.577326,0.782383,0.2948,0.409767,0.34527,0.675776,0.8699,0.536795,0.611568,0.792364,0.2303,0.401024,0.359917,0.649733,0.6728
virabhadrasana_tf_0301,0.609616,0.637244,-0.490765,0.9995,0.613568,0.631217,-0.517145,0.9992,0.617839,0.627083,-0.516399,0.9993,0.620863,0.624369,-0.515738,0.9995,0.603525,0.63571,-0.519178,0.9994,0.596398,0.635656,-0.519684,0.9992,0.591566,0.635933,-0.518447,0.9993,0.623328,0.601725,-0.507302,0.9987,0.571962,0.625507,-0.526712,0.9985,0.606466,0.628956,-0.474109,0.999,0.593624,0.633315,-0.48125,0.9984,0.652007,0.543695,-0.419204,0.9994,0.49023,0.608031,-0.432935,0.998,0.738642,0.594338,-0.413038,0.9469,0.477452,0.664362,-0.39468,0.9644,0.810751,0.650133,-0.481361,0.9553,0.483307,0.758119,-0.471507,0.7627,0.835283,0.666956,-0.521338,0.9404,0.493455,0.764176,-0.53551,0.7294,0.824595,0.68212,-0.540153,0.9438,0.503347,0.763061,-0.537044,0.7159,0.812187,0.673027,-0.489859,0.9117,0.50554,0.749148,-0.48103,0.6471,0.513034,0.496205,0.020113,0.9994,0.452273,0.496892,-0.018252,0.9987,0.572623,0.588395,0.334654,0.0243,0.448311,0.446539,0.321102,0.7012,0.556837,0.652243,0.644022,0.2273,0.420444,0.366419,0.705358,0.8902,0.546952,0.647802,0.677717,0.3587,0.415135,0.346025,0.743002,0.842,0.560287,0.709247,0.689801,0.3238,0.40943,0.365708,0.718965,0.7414
virabhadrasana_tf_0302,0.577215,0.592941,-0.559441,0.9998,0.586858,0.593647,-0.565199,0.9997,0.589959,0.594936,-0.563773,0.9994,0.592939,0.596311,-0.562868,0.9994,0.578096,0.587332,-0.576061,0.9999,0.575475,0.584526,-0.576371,0.9998,0.572822,0.581837,-0.575624,0.9999,0.601465,0.586776,-0.50234,0.9982,0.570677,0.563397,-0.564468,0.9999,0.575758,0.590079,-0.528081,0.9997,0.567869,0.584292,-0.547726,0.9999,0.620861,0.582589,-0.406216,1.0,0.524508,0.514116,-0.45799,1.0,0.611695,0.592983,-0.480378,0.742,0.482205,0.558902,-0.54583,0.9295,0.599115,0.609943,-0.594991,0.896,0.461969,0.639476,-0.703978,0.9665,0.596284,0.620661,-0.624363,0.906,0.452207,0.654649,-0.742015,0.9622,0.591323,0.611884,-0.63113,0.9014,0.470126,0.663316,-0.745398,0.9587,0.589583,0.607969,-0.598788,0.8629,0.472398,0.660634,-0.709868,0.9348,0.517089,0.615322,0.015149,1.0,0.466709,0.543437,-0.012794,1.0,0.528993,0.733145,0.109254,0.9781,0.450141,0.453945,-0.214117,0.9701,0.507704,0.879316,0.192276,0.953,0.408254,0.423774,-0.316777,0.9387,0.495937,0.888093,0.198275,0.9087,0.405939,0.419467,-0.328949,0.8688,0.53525,0.902175,0.105035,0.9733,0.425374,0.367371,-0.412042,0.9844
virabhadrasana_tf_0303,0.569005,0.588768,-0.576938,0.9994,0.578845,0.584367,-0.582844,0.9994,0.582073,0.583582,-0.5816,0.999,0.585432,0.583091,-0.58105,0.9987,0.568836,0.581446,-0.596466,0.9997,0.566767,0.579949,-0.598313,0.9996,0.561566,0.575886,-0.597006,0.9994,0.593596,0.583625,-0.497104,0.9984,0.554851,0.565791,-0.572491,0.9999,0.569836,0.585016,-0.531804,0.9995,0.55797,0.579616,-0.555892,0.9998,0.619717,0.564702,-0.369466,1.0,0.479357,0.518456,-0.408276,0.9999,0.709422,0.548949,-0.49712,0.7629,0.437873,0.542992,-0.315548,0.7372,0.781119,0.541027,-0.684375,0.9671,0.431279,0.603608,-0.28823,0.8088,0.813884,0.541834,-0.727991,0.9597,0.426254,0.619596,-0.294578,0.8066,0.80989,0.537977,-0.743864,0.9632,0.441789,0.623858,-0.315737,0.814,0.794968,0.538957,-0.701439,0.9575,0.444419,0.618995,-0.296493,0.8245,0.528527,0.589372,-0.002798,1.0,0.470778,0.529004,0.004423,1.0,0.537285,0.722469,-0.089638,0.9784,0.430343,0.43298,0.354859,0.3492,0.502623,0.893721,-0.062888,0.9958,0.419905,0.388769,0.608427,0.4392,0.491082,0.905108,-0.062005,0.9787,0.413211,0.389153,0.625899,0.5737,0.521021,0.956663,-0.193364,0.9955,0.406794,0.350252,0.590159,0.5401
virabhadrasana_tf_0304,0.550093,0.550088,-0.51558,1.0,0.556494,0.543952,-0.527524,1.0,0.560696,0.542364,-0.526504,1.0,0.564962,0.540669,-0.525943,1.0,0.543729,0.544402,-0.540955,1.0,0.53926,0.543193,-0.542654,1.0,0.535219,0.54188,-0.54104,1.0,0.569718,0.522352,-0.467283,1.0,0.51511,0.524329,-0.547795,1.0,0.55489,0.545575,-0.481631,1.0,0.53828,0.546222,-0.506025,1.0,0.600713,0.492147,-0.341044,1.0,0.449293,0.476599,-0.381254,1.0,0.676164,0.498792,-0.36346,0.9907,0.38834,0.492255,-0.278634,0.8354,0.767503,0.476994,-0.433177,0.9964,0.396552,0.546146,-0.193427,0.6007,0.800922,0.466495,-0.455926,0.9928,0.390808,0.558821,-0.170638,0.5264,0.801304,0.463996,-0.478245,0.9941,0.408016,0.564262,-0.190294,0.5368,0.785358,0.469289,-0.446479,0.9926,0.411519,0.556069,-0.196463,0.5843,0.5249,0.582143,0.001432,1.0,0.453404,0.539565,-0.00037,1.0,0.504438,0.723589,-0.055417,0.996,0.432346,0.458989,-0.183768,0.9756,0.485491,0.886953,-0.054884,0.9967,0.399699,0.402829,-0.198711,0.9709,0.477028,0.900035,-0.06103,0.9868,0.392771,0.404007,-0.205042,0.9806,0.497567,0.931838,-0.17824,0.998,0.401948,0.350739,-0.29544,0.9944
virabhadrasana_tf_0305,0.532503,0.534403,-0.584787,1.0,0.541401,0.525766,-0.590881,1.0,0.546785,0.523853,-0.589777,1.0,0.55218,0.521505,-0.58892,1.0,0.525661,0.527295,-0.603293,1.0,0.521073,0.524256,-0.60482,1.0,0.51415,0.521963,-0.603465,1.0,0.55804,0.503043,-0.502397,1.0,0.495695,0.501988,-0.579165,1.0,0.537799,0.53139,-0.54141,1.0,0.519873,0.530809,-0.565309,1.0,0.581172,0.489737,-0.347579,1.0,0.428984,0.463207,-0.397779,1.0,0.662954,0.480045,-0.287569,0.957,0.367972,0.467874,-0.241542,0.7583,0.750333,0.450275,-0.261137,0.9853,0.378174,0.516966,-0.082423,0.4924,0.7809,0.435806,-0.26761,0.9737,0.372436,0.533957,-0.05485,0.3948,0.77599,0.433069,-0.290165,0.9785,0.387211,0.536383,-0.074392,0.415,0.762946,0.437819,-0.272857,0.974,0.390999,0.532978,-0.083851,0.4668,0.512302,0.573063,-0.003887,1.0,0.436867,0.52396,0.004723,1.0,0.496977,0.719594,-0.040295,0.9906,0.398632,0.459449,0.040518,0.8555,0.476382,0.884745,-0.009709,0.9965,0.382154,0.399941,0.154444,0.8215,0.466392,0.895559,-0.010986,0.9771,0.378858,0.399643,0.163745,0.9164,0.485707,0.940377,-0.132798,0.9959,0.396891,0.359653,0.113659,0.9348
virabhadrasana_tf_0306,0.524875,0.500204,-0.563768,1.0,0.531174,0.490847,-0.565416,1.0,0.537318,0.488956,-0.564342,1.0,0.541731,0.48649,-0.563911,1.0,0.519405,0.492001,-0.578227,1.0,0.511854,0.490474,-0.579667,1.0,0.507112,0.488876,-0.578207,1.0,0.539959,0.463319,-0.473732,1.0,0.490015,0.467327,-0.549321,1.0,0.529684,0.497599,-0.520948,1.0,0.515493,0.498345,-0.544134,1.0,0.5746,0.460231,-0.324693,1.0,0.433898,0.461053,-0.372511,0.9999,0.655458,0.462799,-0.330913,0.9978,0.347525,0.476027,-0.321858,0.8741,0.741155,0.415712,-0.372936,0.9945,0.350722,0.494188,-0.295912,0.3008,0.7703,0.404583,-0.388789,0.9905,0.35449,0.489252,-0.2829,0.2575,0.767419,0.398496,-0.414706,0.992,0.364397,0.483176,-0.296149,0.265,0.753787,0.400788,-0.385538,0.9892,0.365921,0.494639,-0.299497,0.3159,0.510164,0.58064,0.00265,1.0,0.440604,0.53194,-0.001452,1.0,0.488067,0.72059,-0.070594,0.9992,0.411264,0.469849,-0.262295,0.9891,0.469613,0.879517,-0.113861,0.9988,0.370513,0.421131,-0.35995,0.9839,0.461861,0.895229,-0.127535,0.9965,0.353974,0.44082,-0.377782,0.9957,0.480726,0.930777,-0.223875,0.9994,0.389763,0.346791,-0.45848,0.9989
virabhadrasana_tf_0307,0.486105,0.432021,-0.62925,1.0,0.49624,0.417869,-0.633617,1.0,0.501561,0.415172,-0.632233,1.0,0.506472,0.412442,-0.631829,1.0,0.477005,0.42139,-0.635545,0.9999,0.471049,0.420518,-0.636744,0.9999,0.465136,0.415307,-0.635132,0.9999,0.50823,0.39461,-0.54749,1.0,0.445694,0.3959,-0.572653,0.9999,0.491897,0.431386,-0.587251,0.9999,0.473196,0.434441,-0.596215,0.9998,0.540931,0.409071,-0.393321,1.0,0.380362,0.392192,-0.365128,0.9985,0.622162,0.389707,-0.318272,0.9724,0.335871,0.383733,-0.146788,0.391,0.700898,0.341215,-0.268859,0.9646,0.333937,0.369115,0.028472,0.1927,0.731355,0.326394,-0.275111,0.9405,0.331099,0.369332,0.059706,0.1634,0.722306,0.316636,-0.291979,0.9495,0.33294,0.364578,0.046483,0.1767,0.708421,0.321494,-0.276785,0.9418,0.33375,0.364673,0.028273,0.2137,0.496006,0.535195,-0.023074,1.0,0.417797,0.508453,0.024283,0.9994,0.460468,0.684934,-0.051878,0.9833,0.409451,0.511942,0.100576,0.4765,0.444878,0.871862,-0.039098,0.9868,0.398878,0.516092,0.235256,0.5688,0.438896,0.888046,-0.043502,0.9622,0.399002,0.526617,0.246307,0.6232,0.449537,0.920812,-0.143494,0.9781,0.389891,0.495176,0.189379,0.7368
virabhadrasana_tf_0308,0.463971,0.377912,-0.583038,0.9999,0.47013,0.365684,-0.59255,1.0,0.474317,0.360939,-0.591046,0.9999,0.479584,0.358236,-0.590535,0.9999,0.458453,0.364709,-0.58735,1.0,0.454329,0.362286,-0.587841,0.9999,0.450154,0.359555,-0.586882,0.9999,0.483917,0.33462,-0.520159,0.9999,0.439261,0.335225,-0.511093,0.9999,0.469542,0.375524,-0.546541,0.9998,0.456607,0.374158,-0.545266,0.9998,0.513169,0.339612,-0.356044,0.9998,0.379985,0.335135,-0.360981,0.9998,0.498596,0.313672,-0.218526,0.8913,0.35527,0.3176,-0.209907,0.888,0.541289,0.272216,-0.09734,0.8427,0.381424,0.273621,-0.090065,0.7048,0.552323,0.259066,-0.095841,0.7353,0.381351,0.255873,-0.075711,0.5742,0.551734,0.260276,-0.103165,0.7496,0.3851,0.258561,-0.091882,0.5865,0.544966,0.265204,-0.09828,0.7212,0.388099,0.264531,-0.0912,0.5808,0.458717,0.481675,0.009063,0.9996,0.4169,0.486038,-0.007385,0.9999,0.449858,0.574935,0.124498,0.5327,0.4567,0.655382,-0.017674,0.9207,0.448559,0.643535,0.339223,0.2577,0.437454,0.858293,0.02064,0.918,0.445052,0.652242,0.353831,0.3073,0.430362,0.874453,0.023668,0.8055,0.453608,0.670937,0.316601,0.3674,0.450126,0.922172,-0.076512,0.9041
virabhadrasana_tf_0309,0.452,0.290648,-0.331204,0.997,0.445672,0.274313,-0.369839,0.9953,0.438787,0.271614,-0.369094,0.9944,0.432394,0.268999,-0.368795,0.9916,0.460577,0.27679,-0.365288,0.9965,0.465505,0.276941,-0.366035,0.9965,0.470462,0.28591,-0.365405,0.9966,0.422929,0.267964,-0.414503,0.9876,0.475464,0.289668,-0.408082,0.9978,0.443358,0.291604,-0.334829,0.9981,0.45784,0.295944,-0.333742,0.9989,0.362864,0.294285,-0.343914,0.9993,0.532717,0.297931,-0.34773,1.0,0.328467,0.266704,-0.37837,0.571,0.597664,0.256953,-0.305652,0.9966,0.302464,0.208059,-0.456893,0.8502,0.676358,0.190198,-0.284966,0.9789,0.280346,0.189414,-0.480197,0.8174,0.698526,0.173274,-0.309407,0.963,0.290856,0.175926,-0.486491,0.8166,0.682338,0.164005,-0.31768,0.9585,0.298452,0.182386,-0.459834,0.7646,0.675408,0.170864,-0.285702,0.9391,0.38302,0.459113,0.01893,0.9993,0.468051,0.479855,-0.017672,1.0,0.414951,0.380412,0.317998,0.0346,0.454145,0.671942,0.041142,0.9775,0.439894,0.389843,0.612111,0.0112,0.434774,0.855864,0.105798,0.9323,0.444149,0.401316,0.639605,0.0291,0.428502,0.876847,0.113359,0.9023,0.454767,0.381213,0.66717,0.0363,0.448966,0.91927,0.036656,0.8462
virabhadrasana_y107_0001,0.58101,0.107001,-0.135697,1.0,0.569055,0.083525,-0.118962,0.9999,0.567964,0.082498,-0.11766,0.9999,0.566677,0.081244,-0.117611,0.9999,0.564031,0.086083,-0.140904,0.9999,0.559979,0.086912,-0.141535,0.9998,0.55487,0.087949,-0.140796,0.9997,0.53809,0.093259,-0.033034,0.9999,0.520471,0.103215,-0.149854,0.9997,0.578547,0.131431,-0.105798,0.9997,0.57009,0.136669,-0.136956,0.9997,0.604784,0.217606,-0.002513,0.9999,0.426997,0.2424,-0.144679,0.9993,0.763261,0.206151,-0.000126,0.9956,0.263878,0.239771,-0.166257,0.9937,0.904848,0.200054,-0.07879,0.9972,0.119713,0.24855,-0.218729,0.9854,0.945992,0.199943,-0.090703,0.9884,0.073503,0.243738,-0.22949,0.9678,0.953052,0.198694,-0.124668,0.9906,0.072912,0.24332,-0.26764,0.9691,0.936061,0.200796,-0.098213,0.992,0.086842,0.249538,-0.240773,0.9708,0.558238,0.59304,0.033715,0.9993,0.437392,0.59495,-0.032839,0.9988,0.759982,0.668617,-0.066823,0.9977,0.26481,0.755513,-0.064384,0.9989,0.831094,0.9352,-0.000266,0.9972,0.105496,0.905891,0.028998,0.9961,0.811181,0.980118,-0.001336,0.9919,0.085561,0.931035,0.03,0.974,0.926907,0.985026,-0.078582,0.9943,0.084955,0.971017,-0.080158,0.9921
virabhadrasana_y107_0002,0.547802,0.100285,-0.162753,0.9999,0.539405,0.078472,-0.144409,0.9998,0.539768,0.07805,-0.143224,0.9998,0.539929,0.077594,-0.143073,0.9997,0.531508,0.080317,-0.160812,0.9997,0.526109,0.081199,-0.161428,0.9997,0.519491,0.082303,-0.160629,0.9996,0.523983,0.089518,-0.050812,0.9997,0.489017,0.097606,-0.140223,0.9996,0.547635,0.125355,-0.130543,0.9994,0.536337,0.13181,-0.153839,0.9994,0.590934,0.227971,-0.017139,0.9997,0.397928,0.223588,-0.120082,0.9993,0.744525,0.216323,-0.013889,0.996,0.248836,0.229621,-0.131482,0.9958,0.871116,0.203707,-0.083695,0.9951,0.118484,0.228523,-0.195611,0.9902,0.912586,0.201404,-0.091126,0.9808,0.075261,0.224106,-0.211385,0.9723,0.918552,0.195867,-0.125687,0.9843,0.070835,0.222292,-0.247178,0.9765,0.900826,0.200436,-0.101971,0.9869,0.084698,0.226799,-0.216978,0.9749,0.551451,0.585688,0.029681,0.999,0.427343,0.593081,-0.028744,0.9986,0.751929,0.635202,-0.068245,0.9979,0.255824,0.741354,-0.063369,0.9991,0.753844,0.903931,0.049106,0.9962,0.081225,0.893198,0.022577,0.9968,0.732429,0.938698,0.053678,0.9889,0.067145,0.924105,0.023809,0.9808,0.851755,0.951576,-0.012457,0.9911,0.054497,0.939599,-0.077855,0.9918
virabhadrasana_y107_0003,0.601804,0.121438,-0.180724,1.0,0.593818,0.10042,-0.160544,0.9999,0.594291,0.100115,-0.159333,1.0,0.594607,0.099664,-0.159222,0.9999,0.584744,0.100331,-0.178224,0.9999,0.579018,0.100321,-0.178946,0.9999,0.572376,0.100566,-0.178023,0.9998,0.573801,0.110561,-0.059875,1.0,0.542742,0.113618,-0.157237,0.9998,0.601423,0.146297,-0.146401,0.9999,0.589974,0.149072,-0.172254,0.9998,0.633487,0.250106,-0.028844,0.9999,0.451624,0.252491,-0.132637,0.9994,0.782571,0.230724,-0.02957,0.9978,0.298123,0.232702,-0.146934,0.9925,0.9134,0.205107,-0.100301,0.9976,0.158506,0.192426,-0.221214,0.9762,0.953054,0.207033,-0.11025,0.9906,0.116851,0.186005,-0.242104,0.9496,0.958971,0.202939,-0.145708,0.9923,0.11158,0.180695,-0.276272,0.9531,0.94467,0.20442,-0.118489,0.9936,0.124446,0.186486,-0.243585,0.9571,0.592819,0.604161,0.03184,0.9988,0.476827,0.610261,-0.03099,0.9988,0.796723,0.64272,-0.065196,0.999,0.299834,0.774348,-0.069259,0.9993,0.818424,0.905622,0.047653,0.998,0.098722,0.900534,-0.01683,0.9904,0.797293,0.947285,0.0502,0.992,0.080084,0.914306,-0.018124,0.9854,0.914151,0.954506,-0.027765,0.9909,0.046979,0.962993,-0.12681,0.9564
virabhadrasana_y107_0004,0.505588,0.097826,-0.23867,0.9999,0.506846,0.078885,-0.214258,0.9998,0.510772,0.079258,-0.213151,0.9998,0.514728,0.079606,-0.213081,0.9998,0.491479,0.077846,-0.218758,0.9998,0.483304,0.077799,-0.220093,0.9997,0.474203,0.078037,-0.219037,0.9997,0.505987,0.08925,-0.096407,0.9996,0.442411,0.088033,-0.136343,0.9995,0.511082,0.119765,-0.196993,0.9997,0.490524,0.121114,-0.206289,0.9995,0.564765,0.199735,-0.066651,0.9998,0.357099,0.208425,-0.073939,0.9984,0.733904,0.178008,-0.08423,0.9963,0.19427,0.190047,0.008025,0.994,0.886398,0.17003,-0.204941,0.9934,0.062062,0.160155,0.048308,0.9852,0.939469,0.175127,-0.227462,0.9713,0.009296,0.151755,0.059342,0.9465,0.940091,0.170246,-0.258731,0.9757,0.017204,0.147177,0.033959,0.9522,0.922425,0.170673,-0.224895,0.9748,0.027132,0.153286,0.035293,0.9563,0.558138,0.544622,-0.00928,0.9999,0.420081,0.55349,0.010069,0.9994,0.772538,0.671564,-0.16332,0.9992,0.294063,0.701034,0.140388,0.9939,0.80325,0.912206,-0.060178,0.997,0.178416,0.812297,0.421607,0.9807,0.774593,0.950683,-0.056419,0.9731,0.187381,0.829403,0.441807,0.9117,0.908275,0.974254,-0.149032,0.992,0.105339,0.862004,0.387371,0.9626
virabhadrasana_y107_0005,0.524577,0.123409,-0.260543,1.0,0.535234,0.10239,-0.240176,1.0,0.541658,0.102429,-0.239164,1.0,0.547936,0.102832,-0.239,1.0,0.513948,0.102485,-0.240553,1.0,0.506398,0.103104,-0.241267,1.0,0.498805,0.104245,-0.240325,1.0,0.557414,0.112927,-0.126326,1.0,0.485871,0.116183,-0.143183,0.9999,0.538877,0.15118,-0.222208,0.9999,0.513049,0.15316,-0.224445,0.9999,0.620543,0.256429,-0.059664,0.9999,0.421007,0.246094,-0.106275,0.9997,0.768834,0.262853,-0.060292,0.9959,0.261697,0.243086,-0.114853,0.9942,0.888553,0.266802,-0.15614,0.9935,0.135531,0.227629,-0.216338,0.9802,0.935382,0.270029,-0.171029,0.9788,0.091326,0.226138,-0.240436,0.9427,0.939074,0.266545,-0.209423,0.9826,0.090311,0.221474,-0.274689,0.953,0.919599,0.2685,-0.174978,0.9851,0.104989,0.222717,-0.239301,0.9561,0.581353,0.587938,0.030486,0.9995,0.456186,0.598445,-0.02957,0.9993,0.782144,0.621625,-0.082903,0.9957,0.289191,0.75249,-0.069081,0.9994,0.779778,0.885964,0.045636,0.9953,0.092827,0.882321,0.011395,0.9966,0.756177,0.923795,0.05124,0.9864,0.078662,0.899021,0.014731,0.9799,0.883104,0.935584,-0.020501,0.9867,0.061275,0.938308,-0.079575,0.9887
virabhadrasana_y107_0006,0.446488,0.095568,-0.154663,0.9999,0.46096,0.077352,-0.162967,0.9996,0.466151,0.0764,-0.162203,0.9996,0.470553,0.075102,-0.161827,0.9995,0.452792,0.078693,-0.14151,0.9997,0.452268,0.078876,-0.142528,0.9997,0.451734,0.078819,-0.141839,0.9996,0.500989,0.082808,-0.156687,0.9995,0.470948,0.085674,-0.067955,0.9997,0.460925,0.117141,-0.152873,0.9994,0.450964,0.118688,-0.123482,0.9992,0.604515,0.21527,-0.093219,0.9991,0.406644,0.222395,-0.05634,0.9997,0.753692,0.213602,-0.124976,0.9965,0.250726,0.206892,-0.032155,0.9872,0.891315,0.215776,-0.195394,0.9668,0.115717,0.182109,-0.121003,0.9808,0.92924,0.220034,-0.19918,0.9319,0.073263,0.176375,-0.13377,0.9512,0.938619,0.215465,-0.23517,0.9246,0.071157,0.169687,-0.168941,0.9598,0.921883,0.217775,-0.211927,0.9433,0.085519,0.174877,-0.143656,0.9692,0.555091,0.573928,-0.030733,0.9833,0.431913,0.5601,0.031657,0.9965,0.726752,0.746436,-0.109707,0.9912,0.209704,0.633637,-0.079884,0.9933,0.907327,0.916775,-0.032292,0.9297,0.200965,0.913727,0.014107,0.9924,0.923522,0.947067,-0.029841,0.9146,0.22678,0.964348,0.018746,0.9855,0.938415,0.976654,-0.141199,0.8852,0.096106,0.962758,-0.056363,0.9662
virabhadrasana_y107_0007,0.590345,0.078223,0.046314,0.9999,0.576993,0.05691,0.035953,0.9998,0.573477,0.05624,0.036818,0.9999,0.569492,0.055405,0.037561,0.9999,0.579013,0.060798,0.01724,0.9998,0.577002,0.062865,0.01671,0.9998,0.574792,0.064676,0.016844,0.9998,0.532271,0.073615,0.035241,0.9999,0.552359,0.078461,-0.066231,0.9998,0.582388,0.099103,0.052002,0.9996,0.58435,0.102422,0.024212,0.9997,0.409857,0.191808,0.055981,0.9996,0.607208,0.200398,-0.09608,0.9995,0.238568,0.210892,0.056797,0.9968,0.770909,0.207138,-0.13939,0.9992,0.09995,0.215022,0.028193,0.9708,0.90301,0.185214,-0.144822,0.9763,0.06031,0.213916,0.010111,0.9454,0.952481,0.1897,-0.160344,0.9534,0.05633,0.204246,0.010543,0.9428,0.947606,0.177879,-0.146007,0.9502,0.071406,0.206487,0.028354,0.9011,0.931,0.17721,-0.13522,0.9186,0.422881,0.589659,0.071285,0.9987,0.544787,0.594808,-0.070021,0.9992,0.2732,0.740534,0.141674,0.9972,0.777707,0.600249,0.018821,0.9979,0.091096,0.902034,0.219926,0.9855,0.819364,0.905064,0.093952,0.9949,0.06455,0.94835,0.232507,0.9855,0.803053,0.954268,0.103258,0.9912,0.066286,0.912898,0.261537,0.968,0.906837,0.919437,0.124819,0.9874
virabhadrasana_y107_0008,0.43434,0.116742,-0.133946,0.9999,0.449592,0.093414,-0.13869,0.9996,0.454402,0.092828,-0.137919,0.9996,0.4603,0.092145,-0.137359,0.9995,0.442562,0.093177,-0.117439,0.9997,0.442333,0.09227,-0.118387,0.9998,0.442304,0.091316,-0.117775,0.9998,0.492367,0.10227,-0.121173,0.9994,0.467331,0.099056,-0.035755,0.9997,0.447393,0.139633,-0.128379,0.9996,0.43702,0.140373,-0.100315,0.9994,0.586926,0.230316,-0.084438,0.9992,0.4162,0.231474,-0.01269,0.9997,0.741618,0.230488,-0.119289,0.9977,0.265244,0.231002,0.025218,0.9862,0.879959,0.245682,-0.198971,0.9729,0.127263,0.212416,-0.074589,0.9826,0.919422,0.247073,-0.205139,0.9539,0.08507,0.208956,-0.093654,0.9569,0.924602,0.242699,-0.238923,0.9489,0.080582,0.206927,-0.124464,0.9639,0.908089,0.245091,-0.214902,0.9609,0.09565,0.212281,-0.095945,0.9722,0.570335,0.582951,-0.045134,0.9917,0.456613,0.570961,0.046378,0.9975,0.756134,0.740592,-0.110745,0.9977,0.241536,0.609882,-0.054853,0.9971,0.922753,0.90413,-0.044484,0.9448,0.242402,0.888636,0.021683,0.9954,0.945666,0.92934,-0.04148,0.9361,0.261726,0.932622,0.024401,0.9921,0.944953,0.973227,-0.148658,0.9254,0.136521,0.940202,-0.032603,0.9804
virabhadrasana_y107_0009,0.426455,0.109845,-0.093199,1.0,0.439644,0.084862,-0.102969,0.9999,0.445553,0.083409,-0.102162,0.9999,0.451685,0.082066,-0.101565,0.9999,0.431875,0.087125,-0.078363,1.0,0.43138,0.087482,-0.079136,1.0,0.431167,0.087442,-0.078768,0.9999,0.486208,0.088303,-0.107255,0.9999,0.45968,0.090885,-0.006643,0.9999,0.443325,0.132262,-0.094917,0.9998,0.43336,0.134975,-0.062654,0.9997,0.59405,0.219129,-0.064218,0.9996,0.409866,0.220339,0.004624,0.9998,0.75105,0.215952,-0.108173,0.9964,0.260097,0.207532,0.030988,0.9746,0.899977,0.203779,-0.192766,0.9869,0.112083,0.19793,-0.060171,0.9734,0.941329,0.195844,-0.206321,0.9622,0.069975,0.194967,-0.071946,0.9312,0.945535,0.189077,-0.240142,0.9653,0.066215,0.191896,-0.102525,0.9429,0.933902,0.19582,-0.20982,0.9684,0.079526,0.19535,-0.081075,0.9563,0.540927,0.615944,-0.034774,0.9937,0.419105,0.601857,0.035701,0.9985,0.722279,0.787158,-0.095109,0.9963,0.210058,0.655825,-0.050366,0.997,0.904011,0.941703,-0.016404,0.9589,0.164937,0.915694,0.033167,0.9929,0.924398,0.954631,-0.0142,0.9411,0.184131,0.963245,0.037195,0.9853,0.922069,1.003202,-0.130362,0.9425,0.061278,0.958018,-0.032755,0.9798
virabhadrasana_y107_0010,0.417447,0.088453,-0.281174,1.0,0.433792,0.072441,-0.267959,1.0,0.442654,0.073465,-0.266904,1.0,0.452448,0.07468,-0.266733,1.0,0.400154,0.069705,-0.264227,1.0,0.384826,0.068779,-0.265951,1.0,0.369664,0.067544,-0.264721,1.0,0.463792,0.084212,-0.159881,1.0,0.340567,0.076242,-0.171091,1.0,0.433008,0.112266,-0.240731,1.0,0.383379,0.109682,-0.242666,1.0,0.516315,0.184129,-0.150131,1.0,0.257288,0.169254,-0.119168,0.9986,0.674812,0.155886,-0.389018,0.9961,0.196814,0.147724,-0.060737,0.9535,0.835939,0.149546,-0.654399,0.9937,0.10752,0.128363,0.059015,0.9742,0.89702,0.154203,-0.692011,0.9819,0.075162,0.13264,0.07177,0.9293,0.883457,0.154977,-0.718663,0.9854,0.079304,0.134044,0.071526,0.9332,0.858497,0.157061,-0.675587,0.9834,0.085199,0.13687,0.060263,0.928,0.473551,0.483891,-0.035347,1.0,0.301242,0.478867,0.035647,0.9999,0.632038,0.668934,-0.202678,0.9963,0.250444,0.562976,0.321232,0.9262,0.663937,0.909037,-0.172244,0.9984,0.188308,0.65039,0.644576,0.9574,0.627573,0.936174,-0.176915,0.9308,0.199316,0.67584,0.669444,0.9385,0.76046,0.97941,-0.283568,0.9952,0.050503,0.702176,0.626037,0.9776
virabhadrasana_y107_0011,0.433017,0.131377,-0.175524,1.0,0.446086,0.109495,-0.17674,0.9998,0.451612,0.10849,-0.176025,0.9998,0.457012,0.107594,-0.175614,0.9997,0.436033,0.110526,-0.158032,0.9999,0.434814,0.110144,-0.159074,0.9999,0.433727,0.10976,-0.158514,0.9999,0.485073,0.115538,-0.139785,0.9997,0.452869,0.117599,-0.065463,0.9998,0.44819,0.153846,-0.162336,0.9998,0.434801,0.155362,-0.137405,0.9997,0.590735,0.245383,-0.083944,0.9996,0.395255,0.249021,-0.030028,0.9998,0.737895,0.255008,-0.112823,0.9969,0.256531,0.255953,0.001512,0.9842,0.875381,0.255376,-0.201363,0.9737,0.118624,0.2448,-0.101553,0.9787,0.911246,0.258429,-0.20917,0.948,0.08162,0.24075,-0.114451,0.9394,0.914687,0.253332,-0.245572,0.9442,0.079525,0.234313,-0.140107,0.9492,0.903092,0.25397,-0.217452,0.9568,0.091749,0.236609,-0.120417,0.9598,0.564402,0.597738,-0.036135,0.9934,0.445004,0.587587,0.037229,0.9983,0.735398,0.762154,-0.085719,0.9967,0.248523,0.629866,-0.070266,0.9964,0.91426,0.886114,-0.006531,0.9441,0.250732,0.895072,0.032216,0.9917,0.932559,0.903746,-0.0036,0.9407,0.273562,0.934689,0.037614,0.9831,0.946946,0.949901,-0.117037,0.9162,0.156783,0.942659,-0.031283,0.9737
virabhadrasana_y107_0012,0.621831,0.123689,-0.131261,1.0,0.613223,0.099804,-0.113584,0.9999,0.612617,0.098942,-0.11224,1.0,0.611624,0.09794,-0.112236,1.0,0.606328,0.100546,-0.139869,0.9999,0.601152,0.100486,-0.140537,0.9998,0.595679,0.100435,-0.139866,0.9998,0.585331,0.107401,-0.021018,1.0,0.561462,0.112214,-0.156545,0.9998,0.618199,0.149,-0.099663,0.9999,0.609697,0.151147,-0.13663,0.9999,0.646128,0.247847,0.010894,0.9999,0.443297,0.249985,-0.149532,0.9995,0.813868,0.254639,0.016318,0.9946,0.276567,0.283822,-0.167795,0.9953,0.944977,0.236457,-0.06321,0.9934,0.131879,0.298234,-0.21943,0.9805,0.981629,0.237476,-0.077026,0.9751,0.085508,0.295533,-0.235046,0.9655,0.987731,0.230628,-0.110619,0.9793,0.08487,0.292271,-0.270606,0.9641,0.970939,0.232125,-0.0826,0.9827,0.099907,0.295066,-0.240251,0.9697,0.597038,0.602242,0.042053,0.9987,0.468507,0.606631,-0.041313,0.9977,0.812843,0.621952,-0.081869,0.9967,0.2908,0.763835,-0.08931,0.9983,0.816566,0.891823,0.005931,0.9942,0.095216,0.91561,-0.051084,0.9873,0.794899,0.930039,0.006945,0.988,0.071029,0.93605,-0.054404,0.976,0.907416,0.944797,-0.059586,0.9905,0.076522,0.975482,-0.166238,0.9719
virabhadrasana_y107_0013,0.408134,0.13229,-0.168867,0.9999,0.432959,0.111076,-0.171193,0.9996,0.44164,0.111347,-0.1705,0.9996,0.450962,0.11208,-0.170112,0.9995,0.419181,0.10979,-0.150358,0.9997,0.417773,0.108808,-0.151299,0.9996,0.416744,0.107799,-0.150694,0.9996,0.495196,0.127158,-0.138125,0.9995,0.448874,0.118508,-0.052967,0.9994,0.425323,0.159423,-0.157147,0.9995,0.407559,0.158482,-0.129244,0.999,0.618398,0.248884,-0.095286,0.9988,0.378808,0.241751,-0.015918,0.9995,0.816048,0.285229,-0.131305,0.995,0.176498,0.242325,0.021229,0.9832,0.958834,0.334617,-0.228006,0.9297,-0.020422,0.236154,-0.067816,0.9753,0.997296,0.33695,-0.237449,0.8855,-0.085736,0.23722,-0.079964,0.9157,1.006368,0.338626,-0.272286,0.8771,-0.083257,0.231054,-0.106643,0.9302,0.983081,0.339347,-0.242928,0.897,-0.061762,0.238009,-0.08681,0.9476,0.536106,0.594418,-0.042579,0.9947,0.397722,0.577694,0.043627,0.9981,0.683167,0.795241,-0.103105,0.9973,0.150894,0.704583,-0.02673,0.9964,0.881882,0.949648,0.013727,0.9496,0.1279,0.924057,0.095718,0.991,0.906709,0.958385,0.017991,0.861,0.151284,0.966532,0.10158,0.9692,0.874707,1.010018,-0.101866,0.9205,0.00319,0.967879,0.029741,0.975
virabhadrasana_y107_0014,0.630257,0.105421,-0.126984,1.0,0.6189,0.081004,-0.110321,0.9999,0.617037,0.079674,-0.108914,1.0,0.614644,0.078294,-0.109074,1.0,0.613241,0.080759,-0.136711,0.9999,0.607686,0.079401,-0.137443,0.9999,0.601146,0.077969,-0.136884,0.9999,0.581397,0.081608,-0.019678,1.0,0.566004,0.082417,-0.154932,0.9999,0.621108,0.125501,-0.095542,1.0,0.612941,0.126352,-0.132345,1.0,0.640423,0.202994,0.008953,0.9999,0.441842,0.197064,-0.142111,0.9998,0.821512,0.194638,0.014349,0.99,0.281426,0.208974,-0.150605,0.9915,0.969962,0.158029,-0.05102,0.9739,0.12686,0.220963,-0.187017,0.966,1.015881,0.143397,-0.060701,0.9214,0.082942,0.227299,-0.188871,0.9351,1.010083,0.133627,-0.094516,0.9299,0.081824,0.229112,-0.231899,0.9436,1.000851,0.139713,-0.071973,0.9442,0.096463,0.231843,-0.20908,0.9422,0.586807,0.55334,0.036311,0.9989,0.461658,0.552537,-0.035678,0.998,0.815915,0.621318,-0.058177,0.9968,0.279816,0.736297,-0.071798,0.9948,0.856868,0.875254,0.016783,0.9955,0.080137,0.907661,-0.020652,0.9759,0.835437,0.92079,0.016638,0.9864,0.054125,0.927284,-0.023854,0.9462,0.949312,0.959543,-0.057195,0.9876,0.073694,0.972228,-0.15546,0.9505
virabhadrasana_y107_0015,0.542245,0.134248,-0.180972,1.0,0.5565,0.11632,-0.159899,0.9999,0.564598,0.117568,-0.159122,0.9999,0.573504,0.118571,-0.158754,0.9999,0.533566,0.112038,-0.1642,0.9999,0.526029,0.111042,-0.164808,0.9999,0.518953,0.110205,-0.164079,0.9999,0.587422,0.125244,-0.044477,0.9997,0.508742,0.113062,-0.081288,0.9999,0.557311,0.159015,-0.1399,0.9998,0.526409,0.155157,-0.147793,0.9998,0.639078,0.22574,-0.005257,0.9995,0.446226,0.21998,-0.057756,1.0,0.742104,0.241503,-0.094925,0.8841,0.282396,0.199142,-0.127669,0.9955,0.837769,0.251761,-0.30642,0.9366,0.153134,0.192986,-0.23851,0.9905,0.873319,0.256947,-0.332829,0.9034,0.102177,0.201729,-0.260649,0.9673,0.873372,0.257041,-0.355685,0.9129,0.100273,0.200509,-0.278118,0.9726,0.854917,0.257562,-0.320866,0.9093,0.116623,0.20248,-0.252774,0.9753,0.678684,0.528154,0.010613,0.9997,0.554516,0.545763,-0.009273,1.0,0.793079,0.673685,0.10194,0.9785,0.420191,0.717463,-0.185253,0.9992,0.889597,0.776891,0.357772,0.9562,0.534886,0.904617,-0.081797,0.9973,0.879883,0.796257,0.37577,0.8441,0.567858,0.922871,-0.076302,0.976,0.994399,0.817618,0.29946,0.9348,0.445744,0.952447,-0.17481,0.9932
virabhadrasana_y107_0016,0.569346,0.093033,-0.18631,1.0,0.564717,0.069444,-0.163159,0.9999,0.566442,0.069133,-0.16212,0.9999,0.567929,0.068832,-0.161871,0.9999,0.552628,0.070523,-0.179006,0.9999,0.545663,0.070904,-0.17969,0.9998,0.537799,0.071504,-0.178945,0.9998,0.548094,0.078849,-0.047941,0.9999,0.505944,0.081192,-0.135515,0.9997,0.569226,0.117999,-0.146577,0.9997,0.553214,0.122366,-0.169391,0.9997,0.609471,0.220604,0.018181,0.9998,0.41272,0.213603,-0.136362,0.9992,0.767919,0.208302,0.036607,0.9843,0.246365,0.215243,-0.164253,0.9969,0.889516,0.181141,-0.06422,0.9921,0.093519,0.190085,-0.238478,0.9842,0.939025,0.173835,-0.080149,0.9733,0.038329,0.179769,-0.262755,0.9695,0.938145,0.165605,-0.11511,0.9778,0.035592,0.173311,-0.286096,0.971,0.920889,0.169783,-0.084161,0.981,0.053637,0.178825,-0.256059,0.9728,0.555277,0.572408,0.051641,0.9992,0.430273,0.571473,-0.051013,0.9987,0.776939,0.664673,-0.029409,0.9923,0.263735,0.760954,-0.068161,0.999,0.786447,0.910006,0.069408,0.9874,0.111355,0.914727,0.022463,0.995,0.766012,0.94818,0.070837,0.9675,0.092404,0.939205,0.023714,0.9356,0.897804,0.961073,0.000252,0.976,0.106136,0.976351,-0.084167,0.9856
virabhadrasana_y107_0017,0.44386,0.101131,-0.190255,0.9999,0.457623,0.075904,-0.187067,0.9996,0.464744,0.075244,-0.186368,0.9996,0.472064,0.074407,-0.185929,0.9996,0.445724,0.077225,-0.170948,0.9997,0.443403,0.077544,-0.171944,0.9997,0.44143,0.077803,-0.17135,0.9996,0.499572,0.081864,-0.136901,0.9995,0.462253,0.08053,-0.073793,0.9994,0.462947,0.124814,-0.172679,0.9995,0.445342,0.124391,-0.15118,0.9993,0.592334,0.209181,-0.098978,0.9994,0.407163,0.206068,-0.032465,0.9997,0.745667,0.202995,-0.142062,0.9978,0.26042,0.193831,-0.008568,0.9868,0.892312,0.188301,-0.23195,0.9773,0.124143,0.166343,-0.117201,0.9854,0.930945,0.186932,-0.239713,0.9528,0.081312,0.164006,-0.131864,0.9592,0.93511,0.180475,-0.272961,0.9471,0.078143,0.161838,-0.160673,0.9651,0.922426,0.183219,-0.247405,0.9612,0.090333,0.164998,-0.13758,0.9735,0.575782,0.578105,-0.043756,0.9916,0.4547,0.568223,0.044963,0.9972,0.753321,0.756331,-0.11969,0.9981,0.261269,0.597266,-0.073782,0.9972,0.921586,0.91282,-0.067585,0.9288,0.269665,0.899904,0.000551,0.9935,0.936944,0.929246,-0.067434,0.913,0.292107,0.9401,0.00269,0.9894,0.957627,0.987306,-0.190194,0.8884,0.159124,0.949779,-0.063355,0.9773
virabhadrasana_y107_0018,0.460007,0.10106,-0.217532,0.9999,0.471649,0.082308,-0.198682,0.9998,0.478257,0.081519,-0.198017,0.9996,0.483974,0.081039,-0.197755,0.9997,0.453867,0.084574,-0.195572,0.9998,0.448187,0.085683,-0.196588,0.9997,0.443402,0.08667,-0.19584,0.9998,0.499996,0.090552,-0.097344,0.9995,0.443347,0.097803,-0.090798,0.9996,0.475356,0.121449,-0.183425,0.9996,0.453017,0.124207,-0.178527,0.9995,0.573866,0.229676,-0.044688,0.9989,0.396962,0.232711,-0.042819,0.9996,0.711797,0.250674,-0.057586,0.9914,0.253906,0.24033,-0.033293,0.9953,0.84636,0.249606,-0.159319,0.9598,0.10813,0.219609,-0.131779,0.9847,0.878152,0.247831,-0.165257,0.9037,0.067089,0.215597,-0.147684,0.956,0.881904,0.243844,-0.198578,0.9172,0.064865,0.209398,-0.187236,0.962,0.870484,0.24588,-0.176035,0.9253,0.07765,0.213482,-0.155011,0.9676,0.547976,0.589243,-0.019505,0.9916,0.436257,0.585411,0.020304,0.996,0.739215,0.744476,-0.105992,0.9798,0.200395,0.643552,-0.068943,0.986,0.925817,0.933667,-0.022703,0.9124,0.177814,0.915538,0.044833,0.9756,0.933594,0.956279,-0.020001,0.8978,0.200356,0.962635,0.050699,0.9473,0.975717,0.984967,-0.110682,0.8499,0.079426,0.978204,-0.016665,0.8917
virabhadrasana_y107_0019,0.410814,0.094796,-0.136536,0.9999,0.423881,0.073723,-0.146107,0.9997,0.428701,0.072738,-0.145399,0.9997,0.434371,0.071728,-0.144887,0.9996,0.419215,0.07446,-0.121632,0.9997,0.419995,0.073977,-0.122503,0.9998,0.420968,0.073491,-0.122048,0.9998,0.471751,0.085143,-0.149624,0.9996,0.450122,0.083389,-0.050062,0.9998,0.423345,0.117062,-0.1387,0.9997,0.416289,0.119326,-0.106453,0.9993,0.574927,0.221141,-0.092851,0.9989,0.398932,0.217974,-0.03617,0.9995,0.716722,0.263914,-0.110019,0.9955,0.264735,0.230205,0.002533,0.9699,0.835321,0.294269,-0.19253,0.9663,0.133557,0.235857,-0.09335,0.9604,0.871711,0.306268,-0.207209,0.9359,0.092027,0.242038,-0.118251,0.9085,0.874752,0.304401,-0.246039,0.9441,0.088164,0.238998,-0.145859,0.9256,0.85822,0.305843,-0.210572,0.946,0.102059,0.240411,-0.114666,0.9412,0.556522,0.543842,-0.031048,0.9845,0.436921,0.538643,0.032333,0.9962,0.703551,0.728769,-0.072833,0.9937,0.241662,0.624605,-0.070776,0.9976,0.881162,0.886571,0.025892,0.8882,0.23903,0.875917,0.027968,0.9922,0.891881,0.9097,0.030253,0.887,0.264553,0.91151,0.033011,0.9849,0.937398,0.952803,-0.087381,0.875,0.15048,0.918113,-0.039754,0.9677
virabhadrasana_y107_0020,0.520642,0.094747,0.235896,0.9995,0.513819,0.076597,0.214922,0.9998,0.506696,0.076035,0.216478,0.9997,0.4988,0.075578,0.216364,0.9998,0.531348,0.076942,0.220327,0.9999,0.539049,0.076296,0.21977,0.9998,0.544047,0.075853,0.21977,0.9999,0.493743,0.087273,0.147737,0.9997,0.548616,0.085262,0.147914,0.9999,0.510918,0.116551,0.212605,0.999,0.529481,0.116882,0.213078,0.9991,0.428732,0.221322,0.108346,0.9997,0.629482,0.216937,0.050702,0.9999,0.26564,0.197343,0.090039,0.9984,0.775112,0.199413,0.035446,0.9991,0.114518,0.180839,0.084738,0.9951,0.905324,0.178467,0.129446,0.9352,0.075291,0.175286,0.071743,0.9913,0.944685,0.171625,0.151957,0.8069,0.0678,0.164458,0.072289,0.9906,0.949142,0.16552,0.193502,0.7678,0.086378,0.168638,0.089203,0.9794,0.932527,0.169951,0.152771,0.7218,0.464659,0.583936,0.03379,0.9998,0.579179,0.591948,-0.03302,0.9999,0.267787,0.730016,0.108513,0.9947,0.821401,0.670149,0.061424,0.9979,0.092646,0.912178,0.119564,0.9984,0.828428,0.912473,0.131458,0.9987,0.070049,0.947498,0.123615,0.9981,0.802467,0.959671,0.145431,0.9983,0.056751,0.938301,0.099647,0.9907,0.894526,0.955983,0.158979,0.9948
virabhadrasana_y107_0021,0.440684,0.10753,-0.131444,0.9999,0.453287,0.086443,-0.139443,0.9998,0.458447,0.08518,-0.138681,0.9998,0.463621,0.084152,-0.138035,0.9997,0.447521,0.087247,-0.114955,0.9999,0.448275,0.086558,-0.115883,0.9999,0.449436,0.085776,-0.115386,0.9999,0.49878,0.091943,-0.13979,0.9997,0.479778,0.09091,-0.040859,0.9999,0.454446,0.12618,-0.133291,0.9998,0.446341,0.12914,-0.101175,0.9997,0.606523,0.223324,-0.097896,0.9989,0.423245,0.220542,-0.028311,0.9997,0.762411,0.227055,-0.120333,0.9978,0.277123,0.208015,0.013813,0.9842,0.913704,0.2199,-0.201956,0.9777,0.131173,0.18811,-0.082555,0.9831,0.950644,0.22812,-0.215973,0.9628,0.088341,0.188292,-0.109332,0.9536,0.9539,0.223812,-0.252448,0.9626,0.083717,0.185589,-0.134101,0.9624,0.94025,0.222809,-0.220372,0.9734,0.098993,0.188193,-0.103349,0.9715,0.585819,0.54251,-0.04027,0.9925,0.469687,0.542264,0.04149,0.9987,0.733037,0.720413,-0.103851,0.997,0.276696,0.64453,-0.075435,0.9973,0.873293,0.89708,0.00467,0.9531,0.285802,0.897093,0.022305,0.9954,0.888339,0.916746,0.011295,0.9437,0.313485,0.938518,0.026658,0.9914,0.878284,0.964286,-0.105897,0.9475,0.194294,0.945168,-0.040977,0.9868
virabhadrasana_y107_0022,0.449365,0.085817,-0.118059,1.0,0.466513,0.066444,-0.116863,0.9999,0.472354,0.066705,-0.116007,0.9999,0.478827,0.06681,-0.115574,0.9998,0.457441,0.066574,-0.096201,0.9999,0.456768,0.066916,-0.09696,0.9999,0.456146,0.06684,-0.096481,0.9999,0.514593,0.084449,-0.095148,0.9998,0.48371,0.07879,-0.01177,0.9999,0.463316,0.113389,-0.112521,0.9999,0.450349,0.11464,-0.08526,0.9998,0.615913,0.232659,-0.063881,0.9983,0.405491,0.218368,-0.002347,0.9996,0.781542,0.198064,-0.111885,0.9974,0.246645,0.185154,0.020466,0.9795,0.927401,0.154723,-0.195839,0.9756,0.106393,0.154913,-0.083601,0.979,0.972663,0.156515,-0.207772,0.9498,0.058764,0.147447,-0.102467,0.9421,0.978047,0.152839,-0.238475,0.9482,0.057923,0.141588,-0.126496,0.9507,0.961191,0.15465,-0.21151,0.9629,0.069133,0.145685,-0.1032,0.963,0.543786,0.62021,-0.033132,0.9941,0.411268,0.603177,0.03446,0.9991,0.716434,0.796605,-0.095489,0.9933,0.177874,0.671656,-0.084598,0.999,0.908624,0.947669,0.016305,0.902,0.198972,0.948136,0.031189,0.9957,0.930258,0.962151,0.022343,0.9048,0.223639,0.98252,0.037792,0.9921,0.923124,1.000727,-0.098239,0.8722,0.101975,1.004938,-0.044915,0.9651
virabhadrasana_y107_0023,0.499058,0.121767,-0.253054,1.0,0.50695,0.096702,-0.23431,0.9999,0.513368,0.09664,-0.233643,0.9999,0.521173,0.096577,-0.233279,0.9999,0.486054,0.096784,-0.233431,0.9999,0.477694,0.097067,-0.23441,0.9999,0.46814,0.097295,-0.233734,0.9999,0.529411,0.103958,-0.125426,0.9999,0.453297,0.105286,-0.132157,0.9998,0.510374,0.145657,-0.215144,0.9999,0.48407,0.147847,-0.213834,0.9998,0.593983,0.231761,-0.088061,0.9998,0.395843,0.237385,-0.055417,0.9994,0.743906,0.22899,-0.109127,0.9982,0.253003,0.233831,-0.026392,0.9914,0.884154,0.225252,-0.227975,0.9923,0.118091,0.213166,-0.141754,0.9848,0.931492,0.230627,-0.243793,0.9735,0.062655,0.204523,-0.162421,0.951,0.936972,0.223631,-0.278388,0.9778,0.060235,0.199093,-0.19101,0.9588,0.91793,0.224604,-0.244571,0.9807,0.076875,0.203579,-0.162541,0.9661,0.565487,0.583355,-0.035958,0.9953,0.447327,0.57755,0.037177,0.9958,0.725067,0.758302,-0.135586,0.9964,0.23615,0.649061,-0.082625,0.9968,0.891666,0.95055,-0.078433,0.9558,0.21035,0.917987,0.016075,0.9889,0.923157,0.976782,-0.079821,0.8648,0.233517,0.957677,0.019171,0.9748,0.86398,0.99213,-0.213084,0.9214,0.090258,0.956387,-0.054403,0.9707
virabhadrasana_y107_0024,0.436352,0.107536,-0.208548,0.9984,0.453096,0.089692,-0.211389,0.992,0.460396,0.089403,-0.210434,0.9926,0.468685,0.08928,-0.210395,0.9922,0.441503,0.090126,-0.193305,0.9925,0.439773,0.090075,-0.19434,0.9933,0.438078,0.090023,-0.194085,0.9929,0.496184,0.104906,-0.178342,0.9938,0.459894,0.104513,-0.106121,0.9943,0.451756,0.136287,-0.197312,0.9929,0.437607,0.135453,-0.172865,0.9909,0.591142,0.265526,-0.128015,0.9835,0.401512,0.260536,-0.081839,0.9943,0.766011,0.245103,-0.176482,0.9784,0.227846,0.246098,-0.087554,0.9296,0.907195,0.226776,-0.238372,0.6113,0.062272,0.245095,-0.152895,0.7194,0.964905,0.222669,-0.239174,0.4436,0.013724,0.238897,-0.14858,0.6058,0.966794,0.222,-0.27317,0.4431,0.020813,0.237763,-0.187304,0.6529,0.950907,0.224936,-0.25532,0.501,0.036908,0.251415,-0.175363,0.7632,0.545584,0.617526,-0.032994,0.8951,0.431234,0.6118,0.034385,0.9813,0.73083,0.763509,-0.086892,0.9371,0.201099,0.657254,-0.083405,0.976,0.927418,0.918828,-0.013691,0.6987,0.209777,0.917637,-0.01443,0.9596,0.936007,0.953471,-0.012291,0.628,0.236582,0.966264,-0.013017,0.9265,0.971343,0.958121,-0.111833,0.5698,0.101122,0.971143,-0.090327,0.8287
virabhadrasana_y107_0025,0.452273,0.129934,-0.192663,1.0,0.465772,0.105321,-0.187868,0.9999,0.473605,0.10434,-0.187237,0.9999,0.481729,0.103274,-0.186841,0.9999,0.452973,0.105943,-0.171778,0.9999,0.450513,0.105795,-0.17274,0.9999,0.448267,0.105577,-0.172175,0.9999,0.511549,0.108369,-0.131225,0.9998,0.468234,0.109123,-0.068763,0.9999,0.471385,0.156569,-0.172755,0.9999,0.454309,0.155345,-0.151877,0.9999,0.606663,0.24831,-0.087246,0.9995,0.415622,0.239646,-0.025308,0.9999,0.764811,0.256644,-0.125804,0.9965,0.263976,0.234243,-0.001467,0.9917,0.899943,0.255436,-0.229871,0.968,0.135325,0.206864,-0.118427,0.9848,0.93858,0.248731,-0.240363,0.9288,0.092997,0.195505,-0.137812,0.9511,0.943017,0.242096,-0.273791,0.9298,0.091477,0.19188,-0.165472,0.9588,0.929257,0.247338,-0.245269,0.9467,0.102403,0.200096,-0.138911,0.9673,0.589152,0.618976,-0.030888,0.9943,0.471245,0.625803,0.032029,0.9982,0.779544,0.760385,-0.1203,0.9976,0.269218,0.638001,-0.079081,0.9985,0.945812,0.932427,-0.057654,0.9349,0.181468,0.926376,-0.03022,0.9918,0.961276,0.958426,-0.056715,0.9247,0.19948,0.973017,-0.029961,0.9868,0.970534,0.984876,-0.168815,0.902,0.066764,0.967206,-0.099392,0.9574
virabhadrasana_y107_0026,0.424752,0.120183,-0.152571,0.9999,0.437561,0.095168,-0.167072,0.9998,0.441592,0.094675,-0.166136,0.9997,0.447343,0.093987,-0.165604,0.9997,0.433137,0.095006,-0.139989,0.9998,0.433932,0.094324,-0.141014,0.9998,0.434984,0.093322,-0.140504,0.9998,0.480033,0.10258,-0.179316,0.9997,0.46274,0.101695,-0.065947,0.9998,0.435905,0.141196,-0.156983,0.9997,0.429069,0.142231,-0.120662,0.9996,0.586494,0.243068,-0.131342,0.9992,0.403573,0.243515,-0.051907,0.9996,0.753406,0.220829,-0.180541,0.9956,0.253456,0.225719,-0.025999,0.98,0.888192,0.198917,-0.249742,0.9591,0.101443,0.20413,-0.112822,0.9549,0.930432,0.190347,-0.260212,0.9264,0.058857,0.197871,-0.121692,0.9111,0.933989,0.180912,-0.295454,0.9285,0.055624,0.19451,-0.152908,0.9244,0.916936,0.190934,-0.268494,0.9386,0.070905,0.199377,-0.133895,0.9493,0.553251,0.603888,-0.049421,0.9933,0.433147,0.586534,0.050478,0.9985,0.737855,0.780127,-0.124057,0.9976,0.226284,0.602607,-0.013192,0.9937,0.924397,0.896875,-0.051213,0.9489,0.237992,0.881758,0.049329,0.9932,0.945874,0.90684,-0.04628,0.9326,0.260822,0.930639,0.051093,0.9937,0.967873,0.971043,-0.143381,0.9101,0.137028,0.943673,-0.001144,0.9787
virabhadrasana_y107_0027,0.495118,0.092627,-0.229256,1.0,0.512671,0.070552,-0.210876,0.9998,0.519277,0.070796,-0.210167,0.9998,0.526698,0.071059,-0.209939,0.9997,0.498547,0.071107,-0.204028,0.9999,0.49537,0.071776,-0.204996,0.9999,0.492905,0.072287,-0.204536,0.9999,0.551431,0.092124,-0.114775,0.9997,0.502905,0.087229,-0.097006,0.9999,0.509432,0.121889,-0.197758,0.9999,0.49109,0.120855,-0.190007,0.9999,0.618716,0.262361,-0.073703,0.999,0.43167,0.24181,-0.059657,0.9998,0.76532,0.278963,-0.109981,0.9954,0.280425,0.243891,-0.063159,0.997,0.89209,0.256625,-0.22775,0.9396,0.143928,0.223113,-0.185606,0.9913,0.92721,0.249236,-0.247162,0.8575,0.098474,0.222195,-0.209065,0.9668,0.933316,0.24091,-0.272193,0.8621,0.096176,0.216588,-0.234422,0.9732,0.9203,0.245308,-0.242727,0.894,0.111944,0.218735,-0.205238,0.9799,0.572361,0.606564,-0.012911,0.9903,0.457453,0.605337,0.014091,0.9983,0.691891,0.804051,-0.080505,0.9897,0.28699,0.737707,-0.143441,0.9982,0.804169,0.988645,0.080011,0.7884,0.240368,0.993161,-0.013547,0.9773,0.810154,0.997127,0.087987,0.6867,0.251705,1.007861,-0.00608,0.9346,0.806031,1.033695,-0.039662,0.7319,0.200991,1.09941,-0.117557,0.8441
virabhadrasana_y107_0028,0.587635,0.110652,-0.155309,0.9997,0.573396,0.089955,-0.138658,0.9995,0.571196,0.089064,-0.137339,0.9995,0.568832,0.088098,-0.137313,0.9993,0.570536,0.091648,-0.164664,0.9993,0.566392,0.092239,-0.165326,0.9992,0.561726,0.092923,-0.164756,0.9989,0.543016,0.099782,-0.047712,0.9994,0.530827,0.106608,-0.183353,0.9989,0.582406,0.132553,-0.12352,0.9977,0.577236,0.133794,-0.160681,0.9985,0.60245,0.230521,-0.018949,0.999,0.42022,0.24186,-0.177195,0.9983,0.762666,0.216723,-0.017264,0.9823,0.235804,0.265432,-0.20297,0.9899,0.914072,0.207736,-0.101597,0.9775,0.060445,0.270508,-0.254682,0.9346,0.954298,0.200192,-0.114835,0.9266,0.013537,0.257023,-0.270116,0.894,0.961066,0.193159,-0.150386,0.9405,0.008153,0.254138,-0.30471,0.8842,0.946249,0.198869,-0.121761,0.9551,0.02612,0.266633,-0.276035,0.9087,0.557266,0.574406,0.040465,0.9978,0.430764,0.579821,-0.039768,0.997,0.784597,0.622271,-0.031519,0.9973,0.253657,0.744838,-0.053637,0.9993,0.765862,0.90568,0.037699,0.996,0.085783,0.912308,0.010945,0.9966,0.738619,0.940079,0.035917,0.9871,0.072968,0.93363,0.008897,0.9703,0.861103,0.963237,-0.04211,0.9919,0.057705,0.972293,-0.107274,0.9899
virabhadrasana_y107_0029,0.429701,0.119559,-0.249208,1.0,0.445929,0.092845,-0.245726,0.9997,0.453279,0.091941,-0.245031,0.9998,0.460959,0.09147,-0.244551,0.9997,0.433873,0.094309,-0.230288,0.9998,0.43216,0.094153,-0.231303,0.9998,0.430683,0.093951,-0.230718,0.9997,0.488289,0.103963,-0.195764,0.9997,0.451873,0.102862,-0.135823,0.9996,0.445829,0.14599,-0.232207,0.9997,0.430701,0.148058,-0.211349,0.9996,0.576602,0.244933,-0.143486,0.9997,0.406953,0.246362,-0.09448,0.9999,0.72792,0.24699,-0.163843,0.9987,0.26538,0.233085,-0.062192,0.9912,0.861564,0.239771,-0.253535,0.9848,0.138026,0.214765,-0.167305,0.9906,0.900477,0.237273,-0.265588,0.9671,0.09527,0.21272,-0.188861,0.972,0.904596,0.227849,-0.296998,0.9678,0.09302,0.206262,-0.21735,0.9763,0.890222,0.230629,-0.269505,0.976,0.107489,0.209091,-0.188639,0.9814,0.583167,0.592777,-0.036386,0.9934,0.472226,0.591658,0.037717,0.9981,0.746356,0.757862,-0.091712,0.996,0.292172,0.615645,-0.084491,0.9951,0.928703,0.904264,-0.009122,0.9562,0.271006,0.897478,0.020304,0.9904,0.942919,0.922039,-0.005855,0.957,0.292815,0.943048,0.025827,0.9882,0.978904,0.976775,-0.117001,0.955,0.173836,0.953657,-0.040543,0.9753
virabhadrasana_y107_0030,0.592186,0.169356,0.038572,0.9998,0.582632,0.144979,0.029458,0.9997,0.578846,0.143943,0.030321,0.9998,0.575106,0.142938,0.03116,0.9998,0.588136,0.1458,0.009854,0.9998,0.588078,0.145549,0.009399,0.9998,0.587728,0.145395,0.009337,0.9997,0.548811,0.147343,0.028274,0.9999,0.569153,0.149876,-0.076496,0.9998,0.582078,0.186847,0.044662,0.9998,0.587162,0.187792,0.015544,0.9999,0.418485,0.249781,0.055112,0.9994,0.600633,0.263048,-0.100647,0.9996,0.26445,0.241184,0.102023,0.9768,0.760318,0.248592,-0.154353,0.998,0.131453,0.231493,0.150697,0.9291,0.876741,0.223808,-0.164047,0.9748,0.090585,0.236965,0.144255,0.8963,0.932823,0.233132,-0.183271,0.9631,0.089126,0.229101,0.148708,0.8921,0.930143,0.222679,-0.170164,0.9614,0.101054,0.229396,0.153253,0.8362,0.918512,0.220501,-0.155285,0.9364,0.430061,0.622479,0.069181,0.9988,0.559132,0.620319,-0.068075,0.9994,0.268609,0.759934,0.151168,0.995,0.800287,0.650581,0.025355,0.9966,0.103117,0.914473,0.240625,0.9809,0.818315,0.918814,0.109089,0.9931,0.072156,0.950627,0.252179,0.9778,0.799076,0.958427,0.119616,0.9878,0.097165,0.925827,0.273849,0.9723,0.914409,0.927323,0.139402,0.9883
virabhadrasana_y107_0031,0.579988,0.131981,-0.219211,1.0,0.587226,0.106318,-0.20312,1.0,0.59198,0.104506,-0.202018,1.0,0.59673,0.103046,-0.201913,1.0,0.570836,0.106804,-0.208714,1.0,0.563933,0.105718,-0.20943,0.9999,0.556496,0.104498,-0.208752,0.9999,0.599127,0.104154,-0.084063,0.9999,0.54023,0.104872,-0.127197,0.9999,0.587221,0.154851,-0.175824,0.9999,0.566688,0.158507,-0.185844,0.9999,0.643693,0.229837,0.004224,1.0,0.483022,0.217242,-0.110499,0.9999,0.790403,0.225386,0.008164,0.9911,0.328453,0.230188,-0.127952,0.9924,0.914361,0.230304,-0.093907,0.993,0.187386,0.23879,-0.204503,0.9698,0.957547,0.248525,-0.11089,0.9792,0.141455,0.247713,-0.222796,0.923,0.963583,0.241651,-0.14537,0.9826,0.138338,0.247043,-0.259081,0.9371,0.946775,0.239517,-0.112234,0.9849,0.154834,0.248601,-0.226895,0.9403,0.559842,0.638487,0.052655,0.9984,0.491873,0.642273,-0.052018,0.9957,0.756935,0.616967,0.013836,0.9812,0.288964,0.787258,-0.06698,0.9972,0.762343,0.912709,0.072178,0.9912,0.076733,0.867908,-0.047853,0.9866,0.738078,0.958402,0.07085,0.9812,0.044624,0.870437,-0.048964,0.9782,0.843668,0.964854,0.011156,0.9802,0.059902,0.942609,-0.136623,0.9666
virabhadrasana_y107_0032,0.60699,0.097754,-0.104157,1.0,0.599943,0.075481,-0.093393,1.0,0.598693,0.075059,-0.091933,1.0,0.597058,0.074531,-0.092192,1.0,0.593733,0.075158,-0.109926,1.0,0.588473,0.074457,-0.110681,1.0,0.582358,0.073443,-0.109846,1.0,0.567851,0.081408,-0.026235,1.0,0.547334,0.079638,-0.113601,1.0,0.597897,0.120499,-0.081374,1.0,0.590515,0.120695,-0.103618,1.0,0.621496,0.215271,-0.010742,1.0,0.43609,0.203077,-0.093246,0.9999,0.786317,0.201956,-0.00441,0.9968,0.264834,0.203752,-0.101075,0.9845,0.923408,0.19316,-0.055655,0.9925,0.116118,0.1994,-0.132837,0.9636,0.969616,0.191879,-0.066024,0.9794,0.068296,0.193405,-0.130499,0.9357,0.976113,0.191206,-0.096909,0.9809,0.063263,0.190693,-0.182749,0.9429,0.956684,0.195251,-0.073864,0.9835,0.076073,0.195209,-0.158691,0.9513,0.57163,0.549356,0.031793,0.9994,0.456491,0.54912,-0.031115,0.9992,0.802141,0.604724,-0.105155,0.9957,0.259476,0.747374,-0.127874,0.9921,0.825384,0.885173,-0.02033,0.9958,0.07524,0.910341,-0.079388,0.9981,0.802146,0.927601,-0.015551,0.9948,0.062016,0.932538,-0.07824,0.9929,0.909071,0.933958,-0.064215,0.9924,0.036432,0.972557,-0.180676,0.9942
virabhadrasana_y107_0033,0.386799,0.104426,-0.129297,0.9999,0.402521,0.082248,-0.133397,0.9997,0.407902,0.081711,-0.132605,0.9997,0.414159,0.08109,-0.132097,0.9997,0.394835,0.082767,-0.110986,0.9998,0.394669,0.082503,-0.111876,0.9998,0.394656,0.082174,-0.111397,0.9998,0.445931,0.094105,-0.126718,0.9996,0.421183,0.093284,-0.036303,0.9999,0.400004,0.126636,-0.129248,0.9998,0.389658,0.129691,-0.099369,0.9996,0.553731,0.234002,-0.082101,0.9988,0.356942,0.236147,-0.020255,0.9996,0.705297,0.274477,-0.10575,0.9971,0.213168,0.24823,0.020767,0.9692,0.859979,0.285577,-0.18458,0.973,0.091288,0.231869,-0.085603,0.9596,0.898153,0.282804,-0.195602,0.9485,0.051743,0.227372,-0.111093,0.9161,0.90133,0.276437,-0.232806,0.9526,0.051626,0.222692,-0.135887,0.9281,0.887524,0.278915,-0.202199,0.9557,0.062558,0.224761,-0.105955,0.9449,0.5248,0.594285,-0.037169,0.9856,0.401929,0.576044,0.038607,0.9962,0.69735,0.751728,-0.094615,0.9934,0.200245,0.617744,-0.076212,0.9969,0.879858,0.900413,-0.034623,0.8133,0.201543,0.887243,0.00853,0.9909,0.906226,0.929135,-0.033242,0.799,0.219576,0.918714,0.011834,0.9873,0.902906,0.9583,-0.149517,0.8171,0.104596,0.930719,-0.056603,0.9686
virabhadrasana_y107_0034,0.347873,0.107639,-0.114812,1.0,0.364155,0.0927,-0.117714,1.0,0.371576,0.094152,-0.116768,1.0,0.376341,0.09548,-0.117115,1.0,0.35886,0.09113,-0.09702,1.0,0.358719,0.091095,-0.097884,1.0,0.358575,0.090997,-0.097121,1.0,0.400786,0.112144,-0.094717,1.0,0.372126,0.102051,-0.020475,1.0,0.353911,0.128903,-0.107348,1.0,0.346552,0.125782,-0.083701,1.0,0.461272,0.226018,-0.103671,1.0,0.331345,0.222742,0.037392,0.9999,0.623936,0.211952,-0.169622,0.9995,0.179505,0.238909,0.160312,0.9331,0.751029,0.197808,-0.245263,0.9908,0.095013,0.223211,0.22141,0.9507,0.790708,0.205785,-0.264822,0.9613,0.059823,0.225886,0.23814,0.9143,0.793078,0.200463,-0.306225,0.965,0.063214,0.221138,0.234441,0.9239,0.781309,0.201237,-0.270931,0.975,0.072139,0.224736,0.218194,0.9472,0.385092,0.568552,-0.066876,0.998,0.412313,0.560845,0.068011,0.9996,0.127611,0.677965,-0.079382,0.993,0.563976,0.720693,0.053795,0.9435,0.109341,0.924249,-0.019638,0.9364,0.782531,0.863104,0.04074,0.9411,0.121491,0.954639,-0.016636,0.9058,0.822115,0.888582,0.037107,0.9248,0.033813,0.959512,-0.038517,0.8574,0.784468,0.892117,-6.6e-05,0.912
virabhadrasana_y107_0035,0.434142,0.165399,0.094075,0.9997,0.420868,0.143707,0.073654,0.9997,0.413887,0.142749,0.074351,0.9997,0.407116,0.142214,0.074548,0.9998,0.438318,0.145738,0.069144,0.9996,0.443205,0.146029,0.068572,0.9995,0.448113,0.146196,0.068756,0.9994,0.392976,0.153791,0.019214,0.9999,0.445795,0.153983,-0.017931,0.9996,0.424226,0.184036,0.079641,0.9998,0.439975,0.188513,0.069943,0.9997,0.305832,0.3062,-0.013143,0.9997,0.510799,0.28753,-0.027437,0.9994,0.217837,0.460558,-0.024913,0.9685,0.677532,0.267917,-0.031184,0.9976,0.164225,0.599491,0.021012,0.7214,0.845817,0.272132,0.004244,0.9574,0.15209,0.629448,0.018438,0.5885,0.889734,0.277635,-0.004347,0.8917,0.159137,0.627841,0.020026,0.5692,0.891442,0.270796,0.01595,0.8861,0.166853,0.620011,0.024693,0.488,0.875207,0.272654,0.013491,0.8366,0.361064,0.642208,-0.008231,0.9951,0.489406,0.643125,0.009906,0.9977,0.131512,0.654224,0.04658,0.993,0.703052,0.782184,0.088925,0.9807,0.101675,0.916357,0.149123,0.9784,0.931627,0.890471,0.14806,0.9568,0.120865,0.955707,0.160781,0.9715,0.954533,0.923463,0.159508,0.9394,0.013847,0.966425,0.181553,0.9519,0.975818,0.867696,0.162735,0.9121
virabhadrasana_y107_0036,0.439559,0.118795,-0.140266,1.0,0.45179,0.096939,-0.145702,0.9998,0.45694,0.096406,-0.144936,0.9998,0.462152,0.095961,-0.144366,0.9997,0.445571,0.097197,-0.123442,0.9999,0.44611,0.096807,-0.124319,0.9999,0.446961,0.096198,-0.123786,0.9999,0.498784,0.106062,-0.139951,0.9996,0.475816,0.102942,-0.049815,0.9999,0.454241,0.141493,-0.139037,0.9998,0.445852,0.142086,-0.109374,0.9997,0.608773,0.23642,-0.085817,0.9986,0.416099,0.239968,-0.032933,0.9997,0.766567,0.253071,-0.109166,0.9976,0.268927,0.235176,0.006791,0.9811,0.91407,0.26603,-0.193938,0.9771,0.143423,0.220955,-0.103244,0.9811,0.956706,0.275843,-0.207857,0.9549,0.098002,0.223121,-0.129771,0.9556,0.959511,0.27099,-0.244194,0.9598,0.095651,0.217653,-0.156194,0.9627,0.944395,0.26985,-0.211969,0.9641,0.110902,0.219718,-0.124651,0.9708,0.592286,0.601744,-0.033576,0.9845,0.468247,0.588992,0.034901,0.9972,0.785525,0.754026,-0.078875,0.9926,0.250979,0.601264,-0.071741,0.9976,0.96976,0.904505,-0.014881,0.8707,0.251856,0.890705,0.031253,0.9927,0.983039,0.929623,-0.012931,0.8768,0.274979,0.939325,0.035729,0.9901,1.010792,0.948101,-0.1209,0.8802,0.14836,0.944795,-0.032244,0.9762
virabhadrasana_y107_0037,0.430414,0.135847,-0.171839,1.0,0.44448,0.110968,-0.169815,0.9998,0.451535,0.11042,-0.169147,0.9998,0.458639,0.109773,-0.168848,0.9998,0.432564,0.113437,-0.150442,0.9999,0.431105,0.114129,-0.151383,0.9999,0.429703,0.114561,-0.150986,0.9998,0.495905,0.120421,-0.131108,0.9997,0.454704,0.121252,-0.051995,0.9998,0.447101,0.161423,-0.158789,0.9996,0.431895,0.164076,-0.132873,0.9995,0.603965,0.267436,-0.087413,0.9986,0.403162,0.244097,-0.020011,0.9998,0.758953,0.255853,-0.139388,0.9962,0.248852,0.21604,-0.001322,0.9899,0.887436,0.253172,-0.241186,0.9459,0.109557,0.199065,-0.120378,0.9875,0.931255,0.257957,-0.252869,0.8802,0.059706,0.19745,-0.139149,0.9581,0.931202,0.253263,-0.286281,0.8709,0.062373,0.193255,-0.164575,0.9639,0.915882,0.254488,-0.2575,0.9043,0.074581,0.197737,-0.140341,0.9721,0.55139,0.645096,-0.031037,0.9836,0.424284,0.619916,0.032241,0.9967,0.707565,0.809558,-0.099021,0.9702,0.218699,0.657058,-0.099253,0.993,0.878675,0.951583,-0.049989,0.4989,0.167033,0.920283,-0.026522,0.9638,0.899325,0.965034,-0.05094,0.5032,0.180479,0.962087,-0.023493,0.9389,0.936728,0.981276,-0.169871,0.5155,0.038289,0.951576,-0.10185,0.8501
virabhadrasana_y107_0038,0.429683,0.082481,-0.112714,0.9998,0.44568,0.065118,-0.12231,0.9993,0.450129,0.065333,-0.121393,0.9993,0.454314,0.065433,-0.121013,0.9992,0.442784,0.064387,-0.096713,0.9995,0.444194,0.064194,-0.097627,0.9996,0.445731,0.063743,-0.09714,0.9996,0.483253,0.080324,-0.127748,0.9992,0.467813,0.078429,-0.025795,0.9998,0.438676,0.106498,-0.116358,0.9995,0.433817,0.10641,-0.083299,0.9992,0.591084,0.236125,-0.08776,0.9978,0.400822,0.204932,-0.015399,0.9994,0.758035,0.247804,-0.125541,0.9937,0.247881,0.204723,0.020655,0.9248,0.916122,0.228755,-0.206089,0.9176,0.09524,0.204401,-0.076285,0.9156,0.950161,0.227451,-0.217431,0.8821,0.055369,0.191382,-0.092602,0.8472,0.957688,0.21721,-0.252877,0.8657,0.04948,0.186482,-0.123622,0.875,0.949416,0.220146,-0.22427,0.8951,0.059768,0.193957,-0.097904,0.9081,0.546745,0.578612,-0.040829,0.9864,0.42362,0.571233,0.042039,0.9974,0.726508,0.740398,-0.104776,0.9958,0.201931,0.634351,-0.066759,0.9954,0.905032,0.908884,-0.027272,0.9119,0.183332,0.904131,0.010519,0.9929,0.927504,0.924433,-0.024126,0.8952,0.205989,0.953249,0.012591,0.9883,0.919871,0.983788,-0.147903,0.8814,0.075773,0.946603,-0.069769,0.9667
virabhadrasana_y107_0039,0.582841,0.130705,-0.124084,0.9999,0.575786,0.106284,-0.107093,0.9999,0.574803,0.105514,-0.105684,0.9999,0.573341,0.104852,-0.105789,0.9999,0.569542,0.105562,-0.135733,0.9997,0.564456,0.104328,-0.136432,0.9996,0.559307,0.103524,-0.135684,0.9994,0.540528,0.109705,-0.017172,0.9999,0.522967,0.110983,-0.16716,0.9995,0.576841,0.154461,-0.092694,0.9996,0.568845,0.155759,-0.133619,0.9997,0.601807,0.252426,-0.005546,0.9999,0.404353,0.25635,-0.152863,0.9981,0.759943,0.252232,-0.011278,0.9949,0.241555,0.270103,-0.172802,0.982,0.896084,0.247976,-0.083473,0.9927,0.089626,0.298,-0.221556,0.8932,0.937511,0.244551,-0.095448,0.9746,0.046823,0.29156,-0.231319,0.8495,0.946462,0.23825,-0.125384,0.9786,0.043319,0.292675,-0.27214,0.8353,0.930818,0.242611,-0.10222,0.9829,0.058838,0.298423,-0.244343,0.8726,0.576938,0.590056,0.036787,0.9988,0.451776,0.598753,-0.035867,0.9971,0.790177,0.660895,-0.068713,0.9974,0.288198,0.763958,-0.062587,0.9969,0.804812,0.916708,0.018303,0.9957,0.116927,0.893685,0.011901,0.9817,0.786281,0.954814,0.019478,0.9915,0.101828,0.915425,0.011973,0.9782,0.902652,0.961986,-0.050781,0.9888,0.083224,0.962926,-0.099023,0.9655
virabhadrasana_y107_0040,0.366823,0.1435,-0.158551,0.9999,0.387204,0.121894,-0.157148,0.9998,0.39594,0.121979,-0.156366,0.9998,0.405214,0.121987,-0.155997,0.9997,0.373349,0.121787,-0.138029,0.9999,0.371774,0.121388,-0.138885,0.9999,0.370345,0.120746,-0.138458,0.9999,0.45109,0.132655,-0.121014,0.9996,0.40341,0.126383,-0.045958,0.9999,0.386095,0.171807,-0.146641,0.9996,0.368165,0.171716,-0.121838,0.9995,0.567155,0.256259,-0.082567,0.9974,0.335833,0.248767,-0.023965,0.9997,0.761505,0.250257,-0.126275,0.9953,0.131606,0.249119,-0.007124,0.9857,0.924417,0.251221,-0.222487,0.9495,-0.043626,0.23708,-0.107549,0.9821,0.9676,0.257294,-0.235089,0.9061,-0.108041,0.231989,-0.124889,0.9392,0.975881,0.252322,-0.267831,0.8982,-0.096957,0.225171,-0.147589,0.9483,0.956501,0.252016,-0.239395,0.9218,-0.076737,0.23331,-0.126341,0.962,0.511105,0.613895,-0.031083,0.9946,0.357022,0.603337,0.032308,0.999,0.721234,0.792556,-0.059084,0.9912,0.09893,0.685764,-0.069283,0.9984,0.910077,0.950958,0.048127,0.8707,0.083689,0.929696,0.033109,0.9929,0.928749,0.963644,0.053223,0.879,0.114089,0.961539,0.038265,0.9819,0.939049,1.003933,-0.063023,0.8472,-0.041587,0.997071,-0.041432,0.9522
virabhadrasana_y107_0041,0.539025,0.080966,-0.191033,1.0,0.534501,0.058083,-0.168863,0.9999,0.536137,0.058228,-0.167742,0.9999,0.537416,0.058456,-0.167552,0.9999,0.52204,0.058007,-0.183466,0.9999,0.515126,0.05853,-0.184153,0.9999,0.507163,0.059162,-0.183318,0.9998,0.522671,0.071113,-0.0656,0.9999,0.47736,0.073289,-0.148865,0.9998,0.539877,0.107297,-0.155533,0.9998,0.524841,0.109658,-0.177435,0.9997,0.590727,0.207825,-0.044705,0.9999,0.38073,0.225782,-0.12342,0.9992,0.749912,0.194455,-0.059014,0.9974,0.235254,0.246235,-0.13333,0.9814,0.894147,0.176734,-0.134892,0.9982,0.091798,0.245204,-0.16807,0.9531,0.939511,0.179804,-0.144624,0.9925,0.038135,0.249917,-0.177084,0.8908,0.945993,0.174872,-0.178915,0.9939,0.04071,0.244426,-0.209439,0.9022,0.927231,0.177517,-0.1528,0.9944,0.06124,0.249064,-0.187726,0.9121,0.547352,0.583024,0.025083,0.9996,0.411739,0.594091,-0.024445,0.9994,0.774174,0.635065,-0.070004,0.9977,0.246843,0.755757,-0.010588,0.9988,0.787879,0.90272,0.055518,0.9954,0.086762,0.887639,0.108526,0.9983,0.763827,0.949372,0.059509,0.9805,0.08457,0.900915,0.112914,0.9685,0.883734,0.968212,-0.015328,0.9885,0.023529,0.965216,0.021179,0.9937
virabhadrasana_y107_0042,0.434846,0.090484,-0.150521,1.0,0.451812,0.068578,-0.153224,0.9999,0.457621,0.068567,-0.152422,0.9999,0.463365,0.068547,-0.151859,0.9998,0.443812,0.068649,-0.13232,0.9999,0.443882,0.068847,-0.133205,0.9999,0.44407,0.068786,-0.132677,0.9999,0.497487,0.081866,-0.131981,0.9998,0.470384,0.078103,-0.049256,0.9999,0.448337,0.114528,-0.144066,0.9998,0.436942,0.113544,-0.116657,0.9997,0.603351,0.210536,-0.095312,0.9987,0.409549,0.202422,-0.026328,0.9998,0.779954,0.204958,-0.128848,0.998,0.249184,0.190854,0.009887,0.9857,0.936606,0.205866,-0.214414,0.9785,0.102727,0.176237,-0.092529,0.9858,0.981477,0.208252,-0.22598,0.955,0.054595,0.177696,-0.113565,0.957,0.987629,0.199196,-0.260398,0.9599,0.053803,0.171909,-0.138515,0.9648,0.971725,0.201577,-0.23198,0.9684,0.065021,0.173089,-0.112601,0.9741,0.566607,0.563583,-0.042922,0.9953,0.446772,0.551871,0.044206,0.999,0.741465,0.716838,-0.09874,0.9986,0.218377,0.582775,-0.043873,0.998,0.914663,0.860442,-0.009211,0.9778,0.212059,0.851384,0.066179,0.9955,0.937276,0.874181,-0.004003,0.9745,0.235102,0.888871,0.071219,0.992,0.917051,0.93574,-0.118267,0.9735,0.107789,0.886715,0.002636,0.9884
virabhadrasana_y107_0043,0.581369,0.089177,-0.138631,0.9999,0.57002,0.071095,-0.118173,0.9998,0.570188,0.070972,-0.117036,0.9997,0.570016,0.070768,-0.116845,0.9997,0.56091,0.072932,-0.13695,0.9998,0.5544,0.074246,-0.137444,0.9997,0.547781,0.075853,-0.136658,0.9996,0.545117,0.086796,-0.018925,0.9997,0.517427,0.095024,-0.120288,0.9997,0.585573,0.11572,-0.103369,0.9992,0.574913,0.120724,-0.129982,0.9992,0.626759,0.206392,0.024123,0.9997,0.441736,0.234053,-0.109355,0.999,0.775692,0.148501,0.049712,0.9898,0.282937,0.219514,-0.12234,0.998,0.895857,0.10114,-0.019279,0.9947,0.130647,0.201392,-0.158191,0.9906,0.940272,0.102272,-0.027552,0.9796,0.083846,0.211688,-0.171627,0.9772,0.943991,0.099841,-0.065189,0.9831,0.081185,0.21077,-0.191742,0.9764,0.927697,0.101999,-0.039929,0.9856,0.095035,0.210225,-0.173394,0.9773,0.643326,0.557974,0.037271,0.9993,0.511957,0.569674,-0.036131,0.9989,0.851542,0.673921,-0.075356,0.9978,0.367716,0.754409,-0.083648,0.9992,0.815264,0.920678,0.042894,0.9926,0.208202,0.940278,0.008575,0.9974,0.786138,0.963613,0.046552,0.9759,0.193597,0.96109,0.010026,0.9523,0.921385,0.972489,-0.029546,0.9847,0.17373,1.031329,-0.097847,0.9927
virabhadrasana_y107_0044,0.495602,0.103032,-0.240077,1.0,0.504494,0.08128,-0.222781,0.9998,0.510175,0.080431,-0.222215,0.9997,0.516007,0.079989,-0.221899,0.9997,0.484469,0.083688,-0.22003,0.9998,0.47746,0.084655,-0.221349,0.9998,0.471207,0.086013,-0.220305,0.9998,0.529101,0.09173,-0.11786,0.9997,0.462014,0.098671,-0.11102,0.9998,0.509575,0.126746,-0.20471,0.9998,0.485184,0.125912,-0.199372,0.9998,0.58681,0.218336,-0.05961,0.9997,0.404593,0.216656,-0.04835,0.9997,0.729728,0.207591,-0.0615,0.9969,0.269482,0.213244,-0.006099,0.9958,0.866526,0.212374,-0.142676,0.9715,0.12865,0.218093,-0.08007,0.9862,0.91218,0.213101,-0.139379,0.9137,0.087013,0.215283,-0.081428,0.9567,0.918818,0.209405,-0.180434,0.9236,0.087409,0.210233,-0.118676,0.9621,0.899632,0.211076,-0.160733,0.9327,0.100291,0.212791,-0.099295,0.9691,0.552915,0.571686,-0.030367,0.9941,0.445999,0.566385,0.031099,0.9976,0.747466,0.740448,-0.112443,0.9972,0.207723,0.639059,-0.063982,0.9941,0.933217,0.922895,-0.046507,0.9647,0.228496,0.892524,0.068789,0.989,0.946579,0.936214,-0.046657,0.945,0.253004,0.934839,0.074782,0.969,0.932592,0.988499,-0.156359,0.8999,0.119003,0.944692,0.007584,0.9577
virabhadrasana_y107_0045,0.574606,0.130242,-0.168568,1.0,0.56794,0.107351,-0.151228,1.0,0.567794,0.107201,-0.149946,1.0,0.56736,0.107126,-0.149696,0.9999,0.559881,0.106872,-0.173766,1.0,0.555139,0.106548,-0.174389,1.0,0.54933,0.106429,-0.173571,0.9999,0.543321,0.115062,-0.059637,0.9999,0.517944,0.116262,-0.180513,0.9999,0.57106,0.152937,-0.136886,0.9999,0.560536,0.154636,-0.169329,0.9999,0.609081,0.256901,-0.027553,0.9999,0.419169,0.249509,-0.174666,0.9998,0.757616,0.241871,-0.021468,0.9973,0.253609,0.221839,-0.196819,0.9946,0.898219,0.206082,-0.096747,0.998,0.112431,0.222924,-0.250953,0.9893,0.943495,0.204024,-0.109016,0.9916,0.068033,0.223965,-0.268305,0.9735,0.951154,0.200981,-0.141833,0.9932,0.066245,0.223469,-0.303679,0.9772,0.933307,0.203738,-0.11642,0.9945,0.078245,0.227607,-0.272708,0.9768,0.532219,0.593151,0.039673,0.9994,0.420187,0.585611,-0.038944,0.9992,0.737548,0.656485,-0.047898,0.998,0.26306,0.746506,-0.070309,0.9996,0.772697,0.915882,0.019994,0.998,0.095304,0.901309,-0.003713,0.9988,0.750837,0.957242,0.018358,0.9949,0.079445,0.926563,-0.005103,0.9908,0.860116,0.962749,-0.057538,0.9969,0.064749,0.953587,-0.119471,0.9972
virabhadrasana_y107_0046,0.593502,0.099482,-0.120305,1.0,0.579509,0.076849,-0.107226,1.0,0.577997,0.076718,-0.105867,1.0,0.57628,0.076596,-0.105957,1.0,0.575092,0.077152,-0.125512,0.9999,0.570492,0.077405,-0.126175,0.9999,0.565648,0.077902,-0.125491,0.9999,0.545952,0.093016,-0.035615,1.0,0.532386,0.09534,-0.135247,0.9999,0.590178,0.123153,-0.096685,1.0,0.58266,0.125507,-0.122789,1.0,0.623077,0.229842,-0.016246,1.0,0.420043,0.242302,-0.124758,0.9998,0.800198,0.231655,-0.014928,0.9982,0.239116,0.237527,-0.128153,0.9882,0.947168,0.222645,-0.079353,0.9972,0.068221,0.250432,-0.185558,0.9709,0.983345,0.210683,-0.096033,0.9897,0.018289,0.238933,-0.196869,0.9495,0.981969,0.203523,-0.127772,0.9909,0.017239,0.238212,-0.240313,0.9581,0.969115,0.208608,-0.098089,0.9919,0.032367,0.244264,-0.210024,0.9607,0.586315,0.592152,0.02813,0.9993,0.461485,0.595711,-0.027274,0.9989,0.815216,0.678639,-0.066369,0.9928,0.266694,0.78029,-0.05819,0.9928,0.887986,0.947222,-0.028195,0.9922,0.085088,0.953588,-0.027939,0.9874,0.874312,0.990383,-0.030496,0.9894,0.068342,0.974249,-0.032872,0.9614,0.984142,0.974776,-0.10484,0.9901,0.052141,1.000845,-0.153657,0.9804
virabhadrasana_y107_0047,0.435436,0.117558,-0.238595,1.0,0.451964,0.092578,-0.231498,0.9999,0.459442,0.092155,-0.230751,0.9999,0.467177,0.091857,-0.230346,0.9998,0.438185,0.09427,-0.219036,0.9999,0.435701,0.094958,-0.219952,0.9999,0.433597,0.095376,-0.219368,0.9999,0.49808,0.104297,-0.167853,0.9998,0.450285,0.101078,-0.11905,0.9998,0.454137,0.14545,-0.215796,0.9998,0.435045,0.14501,-0.198475,0.9997,0.589509,0.233191,-0.11288,0.9995,0.392642,0.222263,-0.073624,0.9997,0.748264,0.203065,-0.151922,0.9985,0.247414,0.190767,-0.056697,0.991,0.887835,0.16814,-0.249616,0.987,0.10785,0.147641,-0.162181,0.9889,0.928866,0.15857,-0.262435,0.9679,0.057652,0.14157,-0.178026,0.962,0.933847,0.15284,-0.295602,0.9666,0.055474,0.136815,-0.202431,0.9672,0.91851,0.158099,-0.265602,0.9757,0.067964,0.142907,-0.181075,0.9738,0.548633,0.590055,-0.029838,0.9948,0.418065,0.576821,0.031129,0.9992,0.726175,0.765236,-0.075607,0.9975,0.211068,0.630398,-0.092797,0.9991,0.923781,0.905138,0.004504,0.9656,0.220986,0.893724,0.014209,0.9965,0.951149,0.930492,0.00638,0.9468,0.24199,0.940144,0.019506,0.9913,0.941462,0.957994,-0.112289,0.9455,0.104691,0.951665,-0.059145,0.9841
virabhadrasana_y107_0048,0.398711,0.123419,-0.124354,1.0,0.414964,0.101952,-0.127887,0.9999,0.42009,0.102591,-0.127006,0.9999,0.425724,0.103249,-0.126395,0.9998,0.409485,0.100863,-0.106348,0.9999,0.409885,0.100662,-0.107142,0.9999,0.410507,0.100363,-0.106595,0.9999,0.459266,0.117034,-0.116881,0.9997,0.436392,0.111821,-0.030374,0.9999,0.411964,0.147978,-0.122004,0.9999,0.402331,0.147683,-0.093338,0.9998,0.572722,0.252195,-0.087348,0.9985,0.363753,0.238266,-0.014056,0.9996,0.748535,0.246795,-0.129801,0.9983,0.210485,0.220907,0.022447,0.9761,0.917693,0.243004,-0.217588,0.9914,0.076071,0.194776,-0.084467,0.9819,0.957414,0.237397,-0.231899,0.9738,0.033089,0.192066,-0.108038,0.9567,0.962647,0.231177,-0.266299,0.9764,0.032403,0.18623,-0.132612,0.9639,0.947033,0.236713,-0.235158,0.9798,0.047306,0.18829,-0.10479,0.9734,0.523296,0.600594,-0.046151,0.9931,0.397782,0.591738,0.047459,0.9989,0.708535,0.740275,-0.11041,0.9981,0.170662,0.612288,-0.060883,0.9989,0.898056,0.882772,-0.037182,0.9513,0.161854,0.891522,0.019259,0.9975,0.932665,0.906271,-0.032884,0.9477,0.183577,0.929152,0.021831,0.9959,0.891222,0.946355,-0.151629,0.9429,0.050519,0.930707,-0.049308,0.9885
virabhadrasana_y107_0049,0.581684,0.107174,-0.157956,0.9999,0.57468,0.085303,-0.140023,0.9998,0.574758,0.085004,-0.138753,0.9999,0.574345,0.084788,-0.138741,0.9999,0.564343,0.086172,-0.154877,0.9997,0.557224,0.086672,-0.15559,0.9996,0.548969,0.087357,-0.154738,0.9995,0.549304,0.093806,-0.04818,0.9999,0.514934,0.098596,-0.132585,0.9994,0.576068,0.134846,-0.126258,0.9997,0.564555,0.140567,-0.147994,0.9997,0.615718,0.232916,-0.029624,0.9998,0.411889,0.247012,-0.107825,0.9989,0.774629,0.193097,-0.053475,0.9979,0.255931,0.261841,-0.107703,0.9941,0.90923,0.172474,-0.123,0.9977,0.11475,0.272197,-0.156174,0.9813,0.958552,0.173889,-0.132715,0.9906,0.06952,0.28061,-0.163052,0.9591,0.961272,0.17143,-0.164974,0.9918,0.066178,0.281042,-0.200815,0.9608,0.942795,0.17433,-0.139894,0.9924,0.081282,0.2814,-0.177459,0.9667,0.594306,0.593168,0.027215,0.9988,0.462046,0.599421,-0.026279,0.9982,0.81928,0.62136,-0.084504,0.9975,0.304962,0.771442,-0.027029,0.9975,0.835244,0.90445,-0.008755,0.9935,0.116631,0.91129,0.056253,0.9902,0.811816,0.953234,-0.007233,0.9846,0.114666,0.919018,0.057282,0.9611,0.929222,0.958729,-0.068039,0.9853,0.063777,0.980373,-0.031083,0.9777
virabhadrasana_y107_0050,0.592773,0.138264,-0.116012,0.9999,0.581424,0.113515,-0.097138,0.9999,0.580322,0.11286,-0.095828,0.9999,0.578677,0.112424,-0.095645,0.9999,0.576276,0.114375,-0.122564,0.9998,0.571789,0.114216,-0.123267,0.9997,0.566743,0.114293,-0.122535,0.9996,0.55356,0.123841,-0.004248,0.9999,0.538637,0.126165,-0.135355,0.9997,0.589296,0.163484,-0.08374,0.9998,0.581669,0.164997,-0.118936,0.9998,0.617543,0.268341,0.036861,0.9997,0.430122,0.278171,-0.136854,0.9994,0.773536,0.247818,0.049272,0.989,0.264188,0.262346,-0.153443,0.9964,0.905937,0.205674,-0.035251,0.9944,0.128293,0.259064,-0.20519,0.9822,0.952593,0.204859,-0.050224,0.9803,0.083618,0.254364,-0.22156,0.9641,0.95666,0.198991,-0.085174,0.9832,0.081203,0.251148,-0.253999,0.963,0.937034,0.201408,-0.056192,0.9861,0.09672,0.257075,-0.224993,0.9731,0.577243,0.63262,0.048429,0.9986,0.448918,0.629078,-0.047589,0.9982,0.783251,0.682664,-0.029631,0.9972,0.265873,0.782866,-0.079613,0.9978,0.755204,0.899539,0.066171,0.9905,0.101097,0.93322,-0.02055,0.9805,0.728217,0.920582,0.067517,0.9842,0.083501,0.952861,-0.022406,0.9722,0.851929,0.971524,0.002088,0.984,0.061853,0.984418,-0.140693,0.9523
virabhadrasana_y107_0051,0.481293,0.09908,-0.164314,0.9996,0.501689,0.083218,-0.161916,0.9978,0.509048,0.084577,-0.161211,0.9977,0.516279,0.085588,-0.160686,0.9972,0.487907,0.080023,-0.145024,0.9987,0.486093,0.079317,-0.14596,0.9989,0.484553,0.078335,-0.145192,0.9988,0.541683,0.1003,-0.124349,0.9968,0.507893,0.089255,-0.06018,0.998,0.494224,0.130024,-0.15171,0.9971,0.479243,0.123457,-0.129948,0.9968,0.630138,0.243955,-0.084064,0.9971,0.435881,0.222038,-0.028216,0.9998,0.784446,0.275835,-0.097879,0.9922,0.293847,0.205952,0.007884,0.9895,0.915841,0.29719,-0.189952,0.9272,0.158874,0.179917,-0.091729,0.9869,0.953033,0.307819,-0.197159,0.899,0.11596,0.17517,-0.110669,0.9599,0.957617,0.302817,-0.230873,0.9092,0.114282,0.171361,-0.136861,0.9671,0.941591,0.302679,-0.206175,0.9196,0.125908,0.17771,-0.110454,0.9734,0.621725,0.59129,-0.032829,0.9909,0.509147,0.588969,0.034386,0.9994,0.773291,0.769922,-0.031147,0.9962,0.320164,0.633456,-0.11291,0.9994,0.904325,0.926712,0.141731,0.9505,0.305402,0.915411,-0.028018,0.9987,0.915184,0.94828,0.152405,0.9535,0.327643,0.958604,-0.024427,0.9952,0.931179,0.980772,0.041644,0.9551,0.192555,0.97408,-0.102589,0.9903
virabhadrasana_y107_0052,0.45627,0.137782,-0.291566,0.9999,0.466926,0.109811,-0.301257,0.9999,0.471377,0.108563,-0.30033,0.9999,0.476659,0.107109,-0.299941,0.9998,0.461431,0.111577,-0.280429,0.9998,0.462082,0.111684,-0.281181,0.9998,0.462906,0.111668,-0.280326,0.9998,0.512755,0.110161,-0.2803,0.9998,0.494603,0.113868,-0.202456,0.9998,0.47354,0.162381,-0.28153,0.9997,0.4658,0.164201,-0.256889,0.9995,0.620057,0.232878,-0.188463,0.9998,0.45089,0.261759,-0.179572,0.9998,0.778519,0.237021,-0.213262,0.9957,0.290162,0.275133,-0.177337,0.9873,0.924423,0.243876,-0.283361,0.9894,0.146718,0.296282,-0.266799,0.9746,0.961502,0.243032,-0.289495,0.9638,0.102789,0.299809,-0.284106,0.9271,0.967031,0.238645,-0.32896,0.9716,0.100906,0.295993,-0.309927,0.9379,0.952826,0.24267,-0.300696,0.9777,0.113526,0.300002,-0.286242,0.9436,0.581513,0.592737,0.01054,0.9986,0.470453,0.595784,-0.009539,0.9989,0.778517,0.564771,-0.138934,0.9945,0.270854,0.742788,-0.076386,0.9996,0.849686,0.847901,-0.021251,0.9965,0.083417,0.890894,-0.05918,0.9955,0.828514,0.901052,-0.016505,0.9863,0.056441,0.918488,-0.060586,0.9895,0.938071,0.886661,-0.10895,0.9903,0.028247,0.94495,-0.146271,0.9812
virabhadrasana_y107_0053,0.573135,0.090315,-0.107866,0.9999,0.559121,0.067414,-0.090601,0.9999,0.557944,0.067181,-0.089218,0.9999,0.55657,0.066751,-0.089171,0.9999,0.55305,0.067701,-0.111063,0.9997,0.547901,0.06778,-0.111708,0.9997,0.541696,0.067835,-0.11108,0.9995,0.527652,0.078557,-0.005584,0.9998,0.50933,0.080653,-0.115579,0.9995,0.570047,0.113809,-0.078265,0.9995,0.561478,0.114683,-0.107686,0.9996,0.587781,0.218338,0.029736,0.9996,0.404204,0.216488,-0.120016,0.999,0.757412,0.194391,0.042322,0.9911,0.236203,0.20817,-0.124338,0.9913,0.898966,0.186953,-0.042452,0.9927,0.080966,0.208823,-0.144577,0.9797,0.942252,0.179115,-0.058203,0.9727,0.037113,0.203223,-0.15291,0.9496,0.94884,0.173816,-0.090917,0.9771,0.034993,0.199805,-0.184291,0.9562,0.935089,0.179847,-0.062701,0.981,0.046022,0.206361,-0.162914,0.9552,0.535224,0.589123,0.038192,0.9987,0.414469,0.584885,-0.037341,0.9987,0.755332,0.678698,-0.04642,0.9964,0.263524,0.76446,-0.05975,0.9981,0.793339,0.920419,0.03038,0.9927,0.089637,0.952512,0.019395,0.9926,0.770153,0.962483,0.029762,0.9852,0.074695,0.966906,0.018441,0.9572,0.898751,0.961821,-0.051944,0.9887,0.055348,1.004618,-0.109114,0.9854
virabhadrasana_y107_0055,0.560488,0.161343,-0.193716,1.0,0.564449,0.135569,-0.175619,0.9999,0.566727,0.134802,-0.174517,1.0,0.568976,0.13386,-0.174606,1.0,0.552129,0.134507,-0.191988,0.9999,0.54543,0.133117,-0.192715,0.9999,0.537524,0.131228,-0.192158,0.9998,0.554852,0.131641,-0.063455,1.0,0.504644,0.126773,-0.155516,0.9998,0.559,0.17899,-0.153664,0.9999,0.542659,0.178768,-0.178254,0.9999,0.595696,0.248781,-0.027674,0.9999,0.404985,0.240883,-0.131185,0.9994,0.754575,0.226883,-0.044256,0.9965,0.255814,0.218681,-0.160282,0.9948,0.886189,0.218189,-0.127162,0.9957,0.114336,0.208455,-0.230925,0.9585,0.932172,0.218315,-0.142855,0.9829,0.065577,0.199462,-0.244699,0.918,0.940594,0.211926,-0.180182,0.9855,0.062582,0.198047,-0.277485,0.9226,0.921082,0.212639,-0.147213,0.9881,0.078306,0.203606,-0.251123,0.9369,0.5273,0.612842,0.0396,0.9982,0.417838,0.614931,-0.038794,0.9979,0.741887,0.667542,-0.066107,0.9945,0.245152,0.792373,-0.087261,0.9977,0.738365,0.941277,0.023736,0.9886,0.079479,0.94927,-0.042367,0.9723,0.715418,0.967959,0.02514,0.9722,0.060907,0.966649,-0.044703,0.9251,0.79029,0.992723,-0.045095,0.9756,0.053607,0.989606,-0.15517,0.9078
virabhadrasana_y107_0056,0.452652,0.116543,-0.170265,1.0,0.469371,0.095209,-0.161004,1.0,0.476568,0.096326,-0.160283,0.9999,0.483782,0.096794,-0.159834,0.9999,0.45754,0.093306,-0.146317,1.0,0.455628,0.092935,-0.147251,1.0,0.45413,0.092245,-0.146639,1.0,0.510508,0.110698,-0.099052,0.9999,0.470894,0.10259,-0.043371,1.0,0.467194,0.146366,-0.150183,0.9999,0.451169,0.143153,-0.131114,0.9999,0.592694,0.246639,-0.077524,0.9994,0.41468,0.235705,-0.00808,0.9998,0.748047,0.230482,-0.127087,0.9988,0.264857,0.221969,0.007498,0.993,0.87679,0.226096,-0.22967,0.9905,0.132493,0.205807,-0.103239,0.9905,0.918074,0.222811,-0.240915,0.9744,0.090206,0.203457,-0.120333,0.9639,0.922517,0.216908,-0.273481,0.976,0.086428,0.196351,-0.145798,0.9694,0.907061,0.221604,-0.245157,0.9821,0.09796,0.199314,-0.122685,0.9774,0.556072,0.607328,-0.039598,0.996,0.444773,0.592434,0.040731,0.999,0.719372,0.772373,-0.104238,0.9985,0.249433,0.635102,-0.073257,0.9988,0.875567,0.920765,-0.027923,0.9507,0.215381,0.907648,0.001358,0.9968,0.903537,0.937448,-0.025621,0.9456,0.235911,0.943224,0.003018,0.9902,0.874122,0.989999,-0.153176,0.9228,0.107695,0.936955,-0.078935,0.9731
